1732014365530 0.16115832328796387 0
1732014365582 0.08770990371704102 1
1732014365611 0.04867815971374512 2
1732014365638 0.01430976390838623 3
1732014365667 0.005035400390625 4
1732014365692 0.00142669677734375 5
1732014365718 0.00045228004455566406 6
1732014365743 0.0001354217529296875 7
1732014365770 4.208087921142578e-05 8
1732014365795 1.2874603271484375e-05 9
1732014365822 4.0531158447265625e-06 10
1732014365848 1.3113021850585938e-06 11
1732014365874 2.384185791015625e-07 12
1732014365901 2.384185791015625e-07 13
1732014365931 0.0 14
1732014365961 1.1920928955078125e-07 15
1732014365989 0.0 16
1732014366021 -1.1920928955078125e-07 17
1732014366049 0.0 18
1732014366079 0.0 19
1732014366109 0.0 20
1732014366137 0.0 21
