1732014365534 2e-05 0
1732014365585 0.7522369623184204 1
1732014365614 0.5668979287147522 2
1732014365642 0.38214269280433655 3
1732014365671 0.2130725085735321 4
1732014365695 0.1227717250585556 5
1732014365720 0.06652887165546417 6
1732014365746 0.03721656650304794 7
1732014365772 0.02051008865237236 8
1732014365798 0.011424870230257511 9
1732014365826 0.006336829625070095 10
1732014365851 0.0035262287128716707 11
1732014365877 0.0019596705678850412 12
1732014365904 0.0010901420610025525 13
1732014365933 0.0006061397725716233 14
1732014365965 0.0003371266648173332 15
1732014365993 0.00018750772869680077 16
1732014366024 0.00010430996917420998 17
1732014366052 5.8064033510163426e-05 18
1732014366082 3.23533131449949e-05 19
1732014366112 1.7989324987865984e-05 20
1732014366139 9.982710253098048e-06 21
