1732014365538 2e-05 0
1732014365588 -0.07344841957092285 1
1732014365616 -0.0390317440032959 2
1732014365645 -0.03436839580535889 3
1732014365674 -0.00927436351776123 4
1732014365697 -0.00360870361328125 5
1732014365723 -0.0009744167327880859 6
1732014365749 -0.00031685829162597656 7
1732014365775 -9.334087371826172e-05 8
1732014365801 -2.9206275939941406e-05 9
1732014365829 -8.821487426757812e-06 10
1732014365855 -2.7418136596679688e-06 11
1732014365880 -1.0728836059570312e-06 12
1732014365907 0.0 13
1732014365936 -2.384185791015625e-07 14
1732014365967 1.1920928955078125e-07 15
1732014365996 -1.1920928955078125e-07 16
1732014366027 -1.1920928955078125e-07 17
1732014366055 1.1920928955078125e-07 18
1732014366085 0.0 19
1732014366115 0.0 20
1732014366142 0.0 21
