1732014365551 2.2642786502838135 0
1732014365599 2.2778666019439697 1
1732014365626 2.2829549312591553 2
1732014365656 2.2946040630340576 3
1732014365683 2.297088384628296 4
1732014365708 2.2983579635620117 5
1732014365733 2.298644781112671 6
1732014365758 2.2987515926361084 7
1732014365785 2.298780679702759 8
1732014365810 2.298790216445923 9
1732014365838 2.298793077468872 10
1732014365864 2.2987940311431885 11
1732014365891 2.2987942695617676 12
1732014365919 2.2987942695617676 13
1732014365947 2.2987942695617676 14
1732014365978 2.2987942695617676 15
1732014366009 2.2987942695617676 16
1732014366038 2.2987942695617676 17
1732014366065 2.2987945079803467 18
1732014366096 2.2987942695617676 19
1732014366125 2.2987942695617676 20
1732014366153 2.2987945079803467 21
