1732014365541 1.5326881408691406 0
1732014365591 1.5389740467071533 1
1732014365618 1.5701220035552979 2
1732014365648 1.569046139717102 3
1732014365676 1.572929859161377 4
1732014365701 1.5713940858840942 5
1732014365725 1.572192907333374 6
1732014365751 1.5716474056243896 7
1732014365778 1.5718793869018555 8
1732014365803 1.5717136859893799 9
1732014365831 1.5717878341674805 10
1732014365857 1.5717384815216064 11
1732014365883 1.5717620849609375 12
1732014365910 1.5717475414276123 13
1732014365938 1.5717549324035645 14
1732014365969 1.571750521659851 15
1732014365999 1.5717527866363525 16
1732014366030 1.571751356124878 17
1732014366057 1.5717523097991943 18
1732014366088 1.5717518329620361 19
1732014366117 1.5717519521713257 20
1732014366145 1.5717518329620361 21
