1732014365545 1.3715298175811768 0
1732014365593 1.4512641429901123 1
1732014365621 1.5214438438415527 2
1732014365651 1.5547363758087158 3
1732014365678 1.567894458770752 4
1732014365703 1.5699673891067505 5
1732014365727 1.5717406272888184 6
1732014365754 1.57151198387146 7
1732014365780 1.571837306022644 8
1732014365806 1.5717008113861084 9
1732014365834 1.5717837810516357 10
1732014365859 1.5717371702194214 11
1732014365886 1.5717618465423584 12
1732014365913 1.5717473030090332 13
1732014365941 1.5717549324035645 14
1732014365972 1.5717504024505615 15
1732014366002 1.5717527866363525 16
1732014366032 1.5717514753341675 17
1732014366060 1.5717523097991943 18
1732014366091 1.5717518329620361 19
1732014366120 1.5717519521713257 20
1732014366148 1.5717518329620361 21
