1732014365548 2.0550365447998047 0
1732014365596 2.0550365447998047 1
1732014365623 2.0550365447998047 2
1732014365653 2.0550365447998047 3
1732014365680 2.0550365447998047 4
1732014365705 2.0550365447998047 5
1732014365731 2.0550365447998047 6
1732014365756 2.0550365447998047 7
1732014365782 2.0550365447998047 8
1732014365808 2.0550365447998047 9
1732014365836 2.0550365447998047 10
1732014365862 2.0550365447998047 11
1732014365888 2.0550365447998047 12
1732014365916 2.0550365447998047 13
1732014365943 2.0550365447998047 14
1732014365974 2.0550365447998047 15
1732014366006 2.0550365447998047 16
1732014366034 2.0550365447998047 17
1732014366062 2.0550365447998047 18
1732014366093 2.0550365447998047 19
1732014366122 2.0550365447998047 20
1732014366151 2.0550365447998047 21
