1732014365554 1.9635486602783203 0
1732014365602 1.99992036819458 1
1732014365629 2.0191636085510254 2
1732014365658 2.039283275604248 3
1732014365685 2.0439319610595703 4
1732014365710 2.0459213256835938 5
1732014365736 2.046414852142334 6
1732014365761 2.0465850830078125 7
1732014365787 2.046633243560791 8
1732014365813 2.0466487407684326 9
1732014365841 2.0466532707214355 10
1732014365866 2.04665470123291 11
1732014365893 2.0466551780700684 12
1732014365921 2.0466554164886475 13
1732014365951 2.0466551780700684 14
1732014365980 2.0466554164886475 15
1732014366012 2.0466554164886475 16
1732014366041 2.0466556549072266 17
1732014366069 2.0466554164886475 18
1732014366099 2.0466554164886475 19
1732014366127 2.0466554164886475 20
1732014366156 2.0466554164886475 21
