1731942718713 -0.31675076484680176 0
1731942718766 -0.4760274887084961 1
1731942718801 -0.5347862243652344 2
1731942718835 -0.539667010307312 3
1731942718866 -0.5448815822601318 4
1731942718902 -0.5504775047302246 5
1731942718931 -0.5565125942230225 6
1731942718960 -0.5630578994750977 7
1731942718995 -0.5702042579650879 8
1731942719031 -0.5780673027038574 9
1731942719067 -0.5868021249771118 10
1731942719103 -0.5966216325759888 11
1731942719141 -0.5984604358673096 12
1731942719177 -0.5988236665725708 13
1731942719211 -0.5992074012756348 14
1731942719246 -0.5996127128601074 15
1731942719279 -0.6000405550003052 16
1731942719308 -0.6004922389984131 17
1731942719337 -0.600968599319458 18
1731942719366 -0.6014711856842041 19
1731942719399 -0.6020011901855469 20
1731942719428 -0.6025601625442505 21
1731942719457 -0.6031494140625 22
1731942719485 -0.6037702560424805 23
1731942719512 -0.6044247150421143 24
1731942719542 -0.605114221572876 25
1731942719573 -0.6058406829833984 26
1731942719603 -0.6066057682037354 27
1731942719635 -0.6074113845825195 28
1731942719663 -0.608259916305542 29
1731942719691 -0.6091536283493042 30
1731942719725 -0.6100945472717285 31
1731942719751 -0.6110851764678955 32
1731942719780 -0.612128496170044 33
1731942719809 -0.613227128982544 34
1731942719838 -0.6143839359283447 35
1731942719868 -0.6156022548675537 36
1731942719908 -0.6168855428695679 37
1731942719938 -0.6182374954223633 38
1731942719967 -0.6196622848510742 39
1731942719997 -0.6211639642715454 40
1731942720037 -0.6227473020553589 41
1731942720079 -0.6244171857833862 42
1731942720117 -0.6261792182922363 43
1731942720154 -0.6280394792556763 44
1731942720189 -0.6300044059753418 45
1731942720225 -0.6320810317993164 46
1731942720259 -0.6342775821685791 47
1731942720294 -0.636602520942688 48
1731942720332 -0.6390657424926758 49
1731942720367 -0.6416783332824707 50
1731942720402 -0.6444520950317383 51
1731942720432 -0.6474008560180664 52
1731942720462 -0.6505404710769653 53
1731942720492 -0.653888463973999 54
1731942720523 -0.6574656963348389 55
1731942720553 -0.6612954139709473 56
1731942720602 -0.6654055118560791 57
1731942720637 -0.6698286533355713 58
1731942720673 -0.6746039390563965 59
1731942720703 -0.6797780990600586 60
1731942720737 -0.6854088306427002 61
1731942720771 -0.6915678977966309 62
1731942720800 -0.6983461380004883 63
1731942720831 -0.7058620452880859 64
1731942720866 -0.7142736911773682 65
1731942720905 -0.7238008975982666 66
1731942720940 -0.7347636222839355 67
1731942720969 -0.7476589679718018 68
1731942720997 -0.7633363008499146 69
1731942721026 -0.7834908962249756 70
1731942721054 -0.8127638101577759 71
1731942721085 -0.8419164419174194 72
1731942721115 -0.8419164419174194 73
