1731942718716 2e-05 0
1731942718769 0.2157338559627533 1
1731942718804 0.07131873071193695 2
1731942718838 0.024470534175634384 3
1731942718869 0.025275899097323418 4
1731942718905 0.02616310864686966 5
1731942718934 0.027145851403474808 6
1731942718964 0.028241895139217377 7
1731942718999 0.029474252834916115 8
1731942719035 0.030874036252498627 9
1731942719070 0.03248431161046028 10
1731942719108 0.03436773270368576 11
1731942719144 0.008239567279815674 12
1731942719180 0.006668126676231623 13
1731942719215 0.0068535939790308475 14
1731942719250 0.007043265271931887 15
1731942719282 0.007237182930111885 16
1731942719311 0.007435462903231382 17
1731942719340 0.007638189010322094 18
1731942719369 0.007845466956496239 19
1731942719401 0.008057402446866035 20
1731942719431 0.00827416405081749 21
1731942719461 0.008495856076478958 22
1731942719489 0.008722585625946522 23
1731942719516 0.00895458273589611 24
1731942719547 0.009191974997520447 25
1731942719577 0.009434846229851246 26
1731942719608 0.009683617390692234 27
1731942719638 0.009938247501850128 28
1731942719667 0.010199115611612797 29
1731942719696 0.01046647410839796 30
1731942719728 0.010740534402430058 31
1731942719756 0.011021590791642666 32
1731942719784 0.01131004374474287 33
1731942719812 0.01160620991140604 34
1731942719841 0.011910445988178253 35
1731942719871 0.01222326047718525 36
1731942719912 0.012545030564069748 37
1731942719940 0.012876368127763271 38
1731942719970 0.013217820785939693 39
1731942720000 0.013570020906627178 40
1731942720042 0.013933579437434673 41
1731942720083 0.014309445396065712 42
1731942720120 0.014698375947773457 43
1731942720157 0.015101384371519089 44
1731942720192 0.015519565902650356 45
1731942720229 0.015954099595546722 46
1731942720263 0.01640641875565052 47
1731942720298 0.016878126189112663 48
1731942720335 0.017370907589793205 49
1731942720370 0.017886849120259285 50
1731942720405 0.018428225070238113 51
1731942720435 0.018997861072421074 52
1731942720465 0.019598791375756264 53
1731942720494 0.02023470215499401 54
1731942720526 0.02090989425778389 55
1731942720557 0.021629573777318 56
1731942720605 0.022399744018912315 57
1731942720641 0.023228097707033157 58
1731942720676 0.02412361279129982 59
1731942720707 0.025097858160734177 60
1731942720740 0.026165099814534187 61
1731942720774 0.027344031259417534 62
1731942720803 0.028659014031291008 63
1731942720834 0.030143173411488533 64
1731942720870 0.03184245899319649 65
1731942720909 0.03382367640733719 66
1731942720944 0.03618847578763962 67
1731942720973 0.03910265490412712 68
1731942721002 0.042862314730882645 69
1731942721029 0.04807593673467636 70
1731942721057 0.056330274790525436 71
1731942721088 0.03755830600857735 72
1731942721117 0.0 73
