1731942718720 2e-05 0
1731942718772 -0.15927672386169434 1
1731942718808 -0.05875873565673828 2
1731942718841 -0.004880785942077637 3
1731942718872 -0.005214571952819824 4
1731942718908 -0.0055959224700927734 5
1731942718937 -0.0060350894927978516 6
1731942718967 -0.006545305252075195 7
1731942719002 -0.007146358489990234 8
1731942719038 -0.007863044738769531 9
1731942719074 -0.008734822273254395 10
1731942719113 -0.009819507598876953 11
1731942719148 -0.0018388032913208008 12
1731942719183 -0.00036323070526123047 13
1731942719218 -0.00038373470306396484 14
1731942719253 -0.00040531158447265625 15
1731942719284 -0.0004278421401977539 16
1731942719314 -0.00045168399810791016 17
1731942719343 -0.0004763603210449219 18
1731942719372 -0.0005025863647460938 19
1731942719404 -0.0005300045013427734 20
1731942719433 -0.0005589723587036133 21
1731942719463 -0.0005892515182495117 22
1731942719491 -0.0006208419799804688 23
1731942719519 -0.0006544589996337891 24
1731942719550 -0.0006895065307617188 25
1731942719581 -0.0007264614105224609 26
1731942719611 -0.0007650852203369141 27
1731942719641 -0.0008056163787841797 28
1731942719669 -0.0008485317230224609 29
1731942719699 -0.000893712043762207 30
1731942719731 -0.0009409189224243164 31
1731942719759 -0.0009906291961669922 32
1731942719789 -0.0010433197021484375 33
1731942719815 -0.0010986328125 34
1731942719843 -0.0011568069458007812 35
1731942719873 -0.0012183189392089844 36
1731942719916 -0.0012832880020141602 37
1731942719945 -0.0013519525527954102 38
1731942719973 -0.0014247894287109375 39
1731942720003 -0.0015016794204711914 40
1731942720046 -0.0015833377838134766 41
1731942720087 -0.0016698837280273438 42
1731942720123 -0.0017620325088500977 43
1731942720161 -0.0018602609634399414 44
1731942720196 -0.0019649267196655273 45
1731942720234 -0.0020766258239746094 46
1731942720266 -0.0021965503692626953 47
1731942720302 -0.0023249387741088867 48
1731942720338 -0.002463221549987793 49
1731942720374 -0.002612590789794922 50
1731942720407 -0.002773761749267578 51
1731942720437 -0.002948760986328125 52
1731942720467 -0.0031396150588989258 53
1731942720497 -0.0033479928970336914 54
1731942720528 -0.0035772323608398438 55
1731942720561 -0.0038297176361083984 56
1731942720608 -0.004110097885131836 57
1731942720645 -0.0044231414794921875 58
1731942720678 -0.004775285720825195 59
1731942720710 -0.005174160003662109 60
1731942720745 -0.0056307315826416016 61
1731942720777 -0.006159067153930664 62
1731942720806 -0.006778240203857422 63
1731942720838 -0.007515907287597656 64
1731942720873 -0.008411645889282227 65
1731942720914 -0.009527206420898438 66
1731942720947 -0.010962724685668945 67
1731942720976 -0.012895345687866211 68
1731942721005 -0.015677332878112793 69
1731942721034 -0.020154595375061035 70
1731942721061 -0.029272913932800293 71
1731942721093 -0.029152631759643555 72
1731942721120 0.0 73
