1731942718734 2.073808431625366 0
1731942718786 1.9589569568634033 1
1731942718820 1.9284007549285889 2
1731942718850 1.9285112619400024 3
1731942718885 1.9286328554153442 4
1731942718917 1.928764820098877 5
1731942718946 1.9289058446884155 6
1731942718979 1.929054617881775 7
1731942719017 1.9292089939117432 8
1731942719053 1.9293664693832397 9
1731942719090 1.9295234680175781 10
1731942719125 1.929675579071045 11
1731942719161 1.929963231086731 12
1731942719195 1.9302780628204346 13
1731942719233 1.9305953979492188 14
1731942719267 1.9309146404266357 15
1731942719298 1.9312355518341064 16
1731942719326 1.9315578937530518 17
1731942719354 1.931881070137024 18
1731942719386 1.9322047233581543 19
1731942719415 1.9325284957885742 20
1731942719443 1.9328521490097046 21
1731942719473 1.9331748485565186 22
1731942719501 1.9334964752197266 23
1731942719530 1.9338159561157227 24
1731942719560 1.9341329336166382 25
1731942719591 1.9344468116760254 26
1731942719622 1.9347572326660156 27
1731942719650 1.935063123703003 28
1731942719679 1.93536376953125 29
1731942719709 1.935658574104309 30
1731942719740 1.9359469413757324 31
1731942719769 1.9362274408340454 32
1731942719799 1.9364993572235107 33
1731942719827 1.9367618560791016 34
1731942719857 1.937013864517212 35
1731942719886 1.9372539520263672 36
1731942719927 1.9374816417694092 37
1731942719956 1.937695026397705 38
1731942719987 1.9378929138183594 39
1731942720021 1.9380738735198975 40
1731942720061 1.9382364749908447 41
1731942720101 1.9383790493011475 42
1731942720138 1.9384994506835938 43
1731942720176 1.938596248626709 44
1731942720212 1.9386669397354126 45
1731942720247 1.9387094974517822 46
1731942720278 1.9387211799621582 47
1731942720315 1.93869948387146 48
1731942720353 1.9386413097381592 49
1731942720388 1.9385437965393066 50
1731942720421 1.938402771949768 51
1731942720451 1.9382143020629883 52
1731942720481 1.937973976135254 53
1731942720510 1.9376769065856934 54
1731942720541 1.937317132949829 55
1731942720588 1.936888337135315 56
1731942720620 1.9363830089569092 57
1731942720659 1.9357926845550537 58
1731942720688 1.9351072311401367 59
1731942720721 1.9343149662017822 60
1731942720760 1.9334020614624023 61
1731942720789 1.9323512315750122 62
1731942720816 1.9311420917510986 63
1731942720853 1.929748773574829 64
1731942720891 1.928138256072998 65
1731942720927 1.9262669086456299 66
1731942720957 1.9240754842758179 67
1731942720986 1.9214799404144287 68
1731942721015 1.9183499813079834 69
1731942721044 1.9144656658172607 70
1731942721074 1.909377098083496 71
1731942721104 1.9056388139724731 72
1731942721133 1.9056388139724731 73
