1731942718725 1.4808988571166992 0
1731942718776 1.4136903285980225 1
1731942718811 1.408412218093872 2
1731942718843 1.4095380306243896 3
1731942718875 1.4105250835418701 4
1731942718910 1.4113593101501465 5
1731942718939 1.4120218753814697 6
1731942718970 1.412489414215088 7
1731942719005 1.4127326011657715 8
1731942719041 1.4127130508422852 9
1731942719079 1.4123799800872803 10
1731942719116 1.4116647243499756 11
1731942719151 1.4131197929382324 12
1731942719186 1.4150311946868896 13
1731942719221 1.416980504989624 14
1731942719256 1.4189682006835938 15
1731942719287 1.4209938049316406 16
1731942719316 1.4230576753616333 17
1731942719345 1.4251593351364136 18
1731942719374 1.4272987842559814 19
1731942719407 1.4294759035110474 20
1731942719436 1.4316904544830322 21
1731942719466 1.4339420795440674 22
1731942719494 1.4362303018569946 23
1731942719522 1.438555121421814 24
1731942719553 1.440915822982788 25
1731942719584 1.4433120489120483 26
1731942719614 1.4457433223724365 27
1731942719643 1.4482089281082153 28
1731942719672 1.4507083892822266 29
1731942719702 1.453240990638733 30
1731942719733 1.4558058977127075 31
1731942719762 1.458402395248413 32
1731942719791 1.4610296487808228 33
1731942719819 1.4636867046356201 34
1731942719846 1.4663727283477783 35
1731942719875 1.4690864086151123 36
1731942719919 1.4718269109725952 37
1731942719948 1.474592685699463 38
1731942719978 1.4773828983306885 39
1731942720009 1.4801958799362183 40
1731942720050 1.4830303192138672 41
1731942720091 1.485884666442871 42
1731942720126 1.4887571334838867 43
1731942720164 1.49164617061615 44
1731942720201 1.4945498704910278 45
1731942720237 1.4974662065505981 46
1731942720269 1.500393033027649 47
1731942720305 1.5033280849456787 48
1731942720341 1.5062689781188965 49
1731942720377 1.5092129707336426 50
1731942720411 1.5121569633483887 51
1731942720441 1.5150983333587646 52
1731942720470 1.518033504486084 53
1731942720499 1.5209585428237915 54
1731942720530 1.523869514465332 55
1731942720573 1.5267621278762817 56
1731942720611 1.5296310186386108 57
1731942720649 1.532470703125 58
1731942720680 1.5352752208709717 59
1731942720713 1.538036823272705 60
1731942720747 1.5407475233078003 61
1731942720779 1.5433974266052246 62
1731942720808 1.5459752082824707 63
1731942720841 1.5484675168991089 64
1731942720877 1.5508570671081543 65
1731942720918 1.553123116493225 66
1731942720950 1.5552382469177246 67
1731942720979 1.5571658611297607 68
1731942721007 1.5588533878326416 69
1731942721037 1.560218095779419 70
1731942721066 1.5611085891723633 71
1731942721097 1.5612781047821045 72
1731942721123 1.5612781047821045 73
