1731942718729 0.8159141540527344 0
1731942718779 0.4581703543663025 1
1731942718814 0.35304734110832214 2
1731942718846 0.3445255160331726 3
1731942718880 0.33500033617019653 4
1731942718913 0.32427775859832764 5
1731942718941 0.31209826469421387 6
1731942718973 0.2980997562408447 7
1731942719008 0.2817458510398865 8
1731942719045 0.2621626853942871 9
1731942719083 0.2376524657011032 10
1731942719119 0.20270083844661713 11
1731942719154 0.19602501392364502 12
1731942719189 0.1980239450931549 13
1731942719224 0.20003244280815125 14
1731942719260 0.20204854011535645 15
1731942719291 0.20407018065452576 16
1731942719318 0.20609521865844727 17
1731942719347 0.20812126994132996 18
1731942719377 0.2101459503173828 19
1731942719409 0.21216657757759094 20
1731942719438 0.21418049931526184 21
1731942719468 0.2161847949028015 22
1731942719496 0.21817636489868164 23
1731942719525 0.22015203535556793 24
1731942719555 0.222108393907547 25
1731942719586 0.22404181957244873 26
1731942719616 0.2259485423564911 27
1731942719645 0.22782453894615173 28
1731942719675 0.22966556251049042 29
1731942719704 0.2314671128988266 30
1731942719735 0.23322448134422302 31
1731942719764 0.2349325716495514 32
1731942719794 0.23658612370491028 33
1731942719822 0.23817943036556244 34
1731942719850 0.23970648646354675 35
1731942719878 0.24116088449954987 36
1731942719922 0.2425357699394226 37
1731942719951 0.2438238263130188 38
1731942719981 0.24501729011535645 39
1731942720014 0.24610772728919983 40
1731942720054 0.24708610773086548 41
1731942720094 0.247942715883255 42
1731942720129 0.24866707623004913 43
1731942720170 0.24924775958061218 44
1731942720205 0.24967241287231445 45
1731942720240 0.24992747604846954 46
1731942720272 0.24999821186065674 47
1731942720308 0.24986833333969116 48
1731942720344 0.24951989948749542 49
1731942720381 0.24893303215503693 50
1731942720416 0.24808555841445923 51
1731942720445 0.246952623128891 52
1731942720473 0.24550633132457733 53
1731942720502 0.24371492862701416 54
1731942720534 0.24154219031333923 55
1731942720578 0.23894651234149933 56
1731942720614 0.2358795702457428 57
1731942720652 0.23228470981121063 58
1731942720683 0.22809496521949768 59
1731942720715 0.22322990000247955 60
1731942720750 0.21759182214736938 61
1731942720781 0.21105992794036865 62
1731942720810 0.20348194241523743 63
1731942720844 0.19466137886047363 64
1731942720883 0.18433734774589539 65
1731942720921 0.17215047776699066 66
1731942720953 0.1575821042060852 67
1731942720981 0.1398334503173828 68
1731942721010 0.1175529733300209 69
1731942721039 0.08807554841041565 70
1731942721069 0.044205937534570694 71
1731942721099 -0.0 72
1731942721128 -0.0 73
