1731942718731 2.0550365447998047 0
1731942718782 2.0550365447998047 1
1731942718817 2.0550365447998047 2
1731942718848 2.0550365447998047 3
1731942718882 2.0550365447998047 4
1731942718915 2.0550365447998047 5
1731942718944 2.0550365447998047 6
1731942718976 2.0550365447998047 7
1731942719012 2.0550365447998047 8
1731942719050 2.0550365447998047 9
1731942719087 2.0550365447998047 10
1731942719123 2.0550365447998047 11
1731942719157 2.0550365447998047 12
1731942719192 2.0550365447998047 13
1731942719228 2.0550365447998047 14
1731942719265 2.0550365447998047 15
1731942719295 2.0550365447998047 16
1731942719321 2.0550365447998047 17
1731942719349 2.0550365447998047 18
1731942719382 2.0550365447998047 19
1731942719412 2.0550365447998047 20
1731942719440 2.0550365447998047 21
1731942719470 2.0550365447998047 22
1731942719498 2.0550365447998047 23
1731942719527 2.0550365447998047 24
1731942719558 2.0550365447998047 25
1731942719589 2.0550365447998047 26
1731942719619 2.0550365447998047 27
1731942719648 2.0550365447998047 28
1731942719677 2.0550365447998047 29
1731942719706 2.0550365447998047 30
1731942719738 2.0550365447998047 31
1731942719767 2.0550365447998047 32
1731942719796 2.0550365447998047 33
1731942719825 2.0550365447998047 34
1731942719854 2.0550365447998047 35
1731942719882 2.0550365447998047 36
1731942719924 2.0550365447998047 37
1731942719954 2.0550365447998047 38
1731942719983 2.0550365447998047 39
1731942720018 2.0550365447998047 40
1731942720058 2.0550365447998047 41
1731942720097 2.0550365447998047 42
1731942720134 2.0550365447998047 43
1731942720173 2.0550365447998047 44
1731942720208 2.0550365447998047 45
1731942720244 2.0550365447998047 46
1731942720276 2.0550365447998047 47
1731942720311 2.0550365447998047 48
1731942720348 2.0550365447998047 49
1731942720385 2.0550365447998047 50
1731942720419 2.0550365447998047 51
1731942720448 2.0550365447998047 52
1731942720478 2.0550365447998047 53
1731942720507 2.0550365447998047 54
1731942720538 2.0550365447998047 55
1731942720583 2.0550365447998047 56
1731942720617 2.0550365447998047 57
1731942720655 2.0550365447998047 58
1731942720685 2.0550365447998047 59
1731942720717 2.0550365447998047 60
1731942720754 2.0550365447998047 61
1731942720786 2.0550365447998047 62
1731942720812 2.0550365447998047 63
1731942720848 2.0550365447998047 64
1731942720886 2.0550365447998047 65
1731942720924 2.0550365447998047 66
1731942720955 2.0550365447998047 67
1731942720983 2.0550365447998047 68
1731942721012 2.0550365447998047 69
1731942721041 2.0550365447998047 70
1731942721072 2.0550365447998047 71
1731942721102 2.0550365447998047 72
1731942721130 2.0550365447998047 73
