1731942718736 1.738285779953003 0
1731942718788 1.5790090560913086 1
1731942718823 1.5202503204345703 2
1731942718853 1.5153695344924927 3
1731942718889 1.5101549625396729 4
1731942718921 1.50455904006958 5
1731942718948 1.4985239505767822 6
1731942718983 1.491978645324707 7
1731942719021 1.4848322868347168 8
1731942719056 1.4769692420959473 9
1731942719093 1.4682344198226929 10
1731942719130 1.458414912223816 11
1731942719164 1.4565761089324951 12
1731942719199 1.4562128782272339 13
1731942719236 1.45582914352417 14
1731942719271 1.4554238319396973 15
1731942719300 1.4549959897994995 16
1731942719328 1.4545443058013916 17
1731942719357 1.4540679454803467 18
1731942719388 1.4535653591156006 19
1731942719418 1.4530353546142578 20
1731942719446 1.4524763822555542 21
1731942719475 1.4518871307373047 22
1731942719503 1.4512662887573242 23
1731942719532 1.4506118297576904 24
1731942719563 1.4499223232269287 25
1731942719593 1.4491958618164062 26
1731942719624 1.4484307765960693 27
1731942719652 1.4476251602172852 28
1731942719682 1.4467766284942627 29
1731942719714 1.4458829164505005 30
1731942719742 1.4449419975280762 31
1731942719772 1.4439513683319092 32
1731942719801 1.4429080486297607 33
1731942719829 1.4418094158172607 34
1731942719860 1.44065260887146 35
1731942719889 1.439434289932251 36
1731942719929 1.4381510019302368 37
1731942719958 1.4367990493774414 38
1731942719989 1.4353742599487305 39
1731942720024 1.4338725805282593 40
1731942720066 1.4322892427444458 41
1731942720106 1.4306193590164185 42
1731942720142 1.4288573265075684 43
1731942720179 1.4269970655441284 44
1731942720215 1.425032138824463 45
1731942720250 1.4229555130004883 46
1731942720281 1.4207589626312256 47
1731942720321 1.4184340238571167 48
1731942720357 1.415970802307129 49
1731942720391 1.413358211517334 50
1731942720424 1.4105844497680664 51
1731942720454 1.4076356887817383 52
1731942720484 1.4044960737228394 53
1731942720513 1.4011480808258057 54
1731942720543 1.3975708484649658 55
1731942720592 1.3937411308288574 56
1731942720624 1.3896310329437256 57
1731942720664 1.3852078914642334 58
1731942720693 1.3804326057434082 59
1731942720727 1.375258445739746 60
1731942720763 1.3696277141571045 61
1731942720792 1.3634686470031738 62
1731942720821 1.3566904067993164 63
1731942720856 1.3491744995117188 64
1731942720895 1.3407628536224365 65
1731942720930 1.331235647201538 66
1731942720959 1.3202729225158691 67
1731942720988 1.307377576828003 68
1731942721017 1.2917002439498901 69
1731942721046 1.271545648574829 70
1731942721077 1.2422727346420288 71
1731942721106 1.2131201028823853 72
1731942721137 1.2131201028823853 73
