1731942718738 0.0 0
1731942718792 0.0 1
1731942718826 0.0 2
1731942718855 0.0 3
1731942718893 0.0 4
1731942718925 0.0 5
1731942718952 0.0 6
1731942718988 0.0 7
1731942719024 0.0 8
1731942719059 0.0 9
1731942719096 0.0 10
1731942719134 0.0 11
1731942719167 0.0 12
1731942719204 0.0 13
1731942719239 0.0 14
1731942719273 0.0 15
1731942719302 0.0 16
1731942719331 0.0 17
1731942719360 0.0 18
1731942719391 0.0 19
1731942719421 0.0 20
1731942719450 0.0 21
1731942719478 0.0 22
1731942719505 0.0 23
1731942719535 0.0 24
1731942719565 0.0 25
1731942719596 0.0 26
1731942719627 0.0 27
1731942719655 0.0 28
1731942719684 0.0 29
1731942719718 0.0 30
1731942719744 0.0 31
1731942719774 0.0 32
1731942719803 0.0 33
1731942719832 0.0 34
1731942719862 0.0 35
1731942719891 0.0 36
1731942719931 0.0 37
1731942719961 0.0 38
1731942719991 0.0 39
1731942720028 0.0 40
1731942720070 0.0 41
1731942720109 0.0 42
1731942720146 0.0 43
1731942720182 0.0 44
1731942720218 0.0 45
1731942720253 0.0 46
1731942720285 0.0 47
1731942720324 0.0 48
1731942720360 0.0 49
1731942720395 0.0 50
1731942720426 0.0 51
1731942720456 0.0 52
1731942720486 0.0 53
1731942720516 0.0 54
1731942720546 0.0 55
1731942720595 0.0 56
1731942720627 0.0 57
1731942720667 0.0 58
1731942720697 0.0 59
1731942720730 0.0 60
1731942720765 0.0 61
1731942720794 0.0 62
1731942720824 0.0 63
1731942720860 0.0 64
1731942720898 0.0 65
1731942720934 0.0 66
1731942720962 0.0 67
1731942720991 0.0 68
1731942721019 0.0 69
1731942721048 0.0 70
1731942721079 0.0 71
1731942721108 0.0 72
1731942721140 0.0 73
