1731942344292 -0.1017221212387085 0
1731942344325 -0.15914976596832275 1
1731942344352 -0.24076581001281738 2
1731942344382 -0.27922511100769043 3
1731942344411 -0.30757367610931396 4
1731942344439 -0.3289937973022461 5
1731942344469 -0.35004448890686035 6
1731942344502 -0.37488317489624023 7
1731942344532 -0.405181884765625 8
1731942344562 -0.44483304023742676 9
1731942344599 -0.4867192506790161 10
1731942344634 -0.5396180152893066 11
1731942344663 -0.5514397621154785 12
1731942344703 -0.5675754547119141 13
1731942344750 -0.5928319692611694 14
1731942344787 -0.6233450174331665 15
1731942344821 -0.6250479221343994 16
1731942344856 -0.6268448829650879 17
1731942344891 -0.6287424564361572 18
1731942344924 -0.6307470798492432 19
1731942344955 -0.6328665018081665 20
1731942344986 -0.6351087093353271 21
1731942345026 -0.6374828815460205 22
1731942345055 -0.6399991512298584 23
1731942345084 -0.6426688432693481 24
1731942345121 -0.6455045938491821 25
1731942345158 -0.6485211849212646 26
1731942345184 -0.6517343521118164 27
1731942345216 -0.6551632881164551 28
1731942345255 -0.6588294506072998 29
1731942345287 -0.6627577543258667 30
1731942345317 -0.6669778823852539 31
1731942345346 -0.6715242862701416 32
1731942345374 -0.6764388084411621 33
1731942345402 -0.681771993637085 34
1731942345431 -0.6875860691070557 35
1731942345462 -0.6939587593078613 36
1731942345493 -0.7009902000427246 37
1731942345524 -0.7088110446929932 38
1731942345554 -0.7175991535186768 39
1731942345586 -0.7276051044464111 40
1731942345620 -0.7392005920410156 41
1731942345655 -0.7529826164245605 42
1731942345689 -0.7700185775756836 43
1731942345724 -0.7926279306411743 44
1731942345756 -0.8289937973022461 45
1731942345784 -0.8419164419174194 46
1731942345813 -0.8419164419174194 47
