1731942344296 2e-05 0
1731942344328 0.1485241800546646 1
1731942344357 0.15161581337451935 2
1731942344387 0.08521854132413864 3
1731942344416 0.06606914848089218 4
1731942344443 0.06207125261425972 5
1731942344471 0.06405139714479446 6
1731942344506 0.06924468278884888 7
1731942344536 0.07585513591766357 8
1731942344565 0.08511117100715637 9
1731942344605 0.07961532473564148 10
1731942344636 0.07954651862382889 11
1731942344666 0.039860714226961136 12
1731942344707 0.04600617662072182 13
1731942344756 0.05575912818312645 14
1731942344790 0.04291688650846481 15
1731942344824 0.01444947812706232 16
1731942344860 0.014843424782156944 17
1731942344894 0.015251848846673965 18
1731942344926 0.015675846487283707 19
1731942344957 0.016116637736558914 20
1731942345000 0.016575828194618225 21
1731942345029 0.017054975032806396 22
1731942345058 0.017555931583046913 23
1731942345088 0.018080830574035645 24
1731942345125 0.01863221637904644 25
1731942345161 0.01921285130083561 26
1731942345189 0.019826067611575127 27
1731942345221 0.02047569677233696 28
1731942345260 0.02116648480296135 29
1731942345290 0.02190380170941353 30
1731942345321 0.02269422449171543 31
1731942345349 0.023545842617750168 32
1731942345377 0.024468520656228065 33
1731942345407 0.025474756956100464 34
1731942345434 0.026580309495329857 35
1731942345464 0.027805540710687637 36
1731942345496 0.029177768155932426 37
1731942345526 0.030734051018953323 38
1731942345557 0.03252682089805603 39
1731942345589 0.03463341295719147 40
1731942345624 0.03717420622706413 41
1731942345658 0.04035142436623573 42
1731942345693 0.04454254359006882 43
1731942345729 0.05057965964078903 44
1731942345761 0.0609552375972271 45
1731942345788 0.013636681251227856 46
1731942345815 0.0 47
