1731942344299 2e-05 0
1731942344331 -0.05742764472961426 1
1731942344360 -0.08161604404449463 2
1731942344390 -0.03845930099487305 3
1731942344419 -0.028348565101623535 4
1731942344448 -0.02142012119293213 5
1731942344475 -0.021050691604614258 6
1731942344511 -0.024838685989379883 7
1731942344541 -0.030298709869384766 8
1731942344569 -0.03965115547180176 9
1731942344610 -0.041886210441589355 10
1731942344639 -0.05289876461029053 11
1731942344669 -0.011821746826171875 12
1731942344711 -0.016135692596435547 13
1731942344761 -0.02525651454925537 14
1731942344793 -0.03051304817199707 15
1731942344828 -0.0017029047012329102 16
1731942344863 -0.0017969608306884766 17
1731942344897 -0.001897573471069336 18
1731942344929 -0.0020046234130859375 19
1731942344960 -0.00211942195892334 20
1731942345005 -0.0022422075271606445 21
1731942345033 -0.0023741722106933594 22
1731942345060 -0.0025162696838378906 23
1731942345091 -0.002669692039489746 24
1731942345131 -0.0028357505798339844 25
1731942345163 -0.0030165910720825195 26
1731942345191 -0.003213167190551758 27
1731942345224 -0.003428936004638672 28
1731942345263 -0.0036661624908447266 29
1731942345293 -0.0039283037185668945 30
1731942345323 -0.004220128059387207 31
1731942345352 -0.004546403884887695 32
1731942345380 -0.004914522171020508 33
1731942345410 -0.0053331851959228516 34
1731942345437 -0.005814075469970703 35
1731942345467 -0.006372690200805664 36
1731942345499 -0.007031440734863281 37
1731942345529 -0.007820844650268555 38
1731942345560 -0.008788108825683594 39
1731942345593 -0.010005950927734375 40
1731942345627 -0.011595487594604492 41
1731942345662 -0.013782024383544922 42
1731942345697 -0.017035961151123047 43
1731942345732 -0.022609353065490723 44
1731942345763 -0.03636586666107178 45
1731942345792 -0.01292264461517334 46
1731942345821 0.0 47
