1731942344311 2.259063482284546 0
1731942344340 2.226451873779297 1
1731942344370 2.1813063621520996 2
1731942344399 2.1635420322418213 3
1731942344429 2.150752305984497 4
1731942344458 2.1379361152648926 5
1731942344488 2.121950149536133 6
1731942344521 2.102724552154541 7
1731942344551 2.0786662101745605 8
1731942344584 2.045441150665283 9
1731942344622 2.0192322731018066 10
1731942344651 2.0041911602020264 11
1731942344680 1.994205355644226 12
1731942344731 1.980888843536377 13
1731942344774 1.9607129096984863 14
1731942344805 1.9382907152175903 15
1731942344840 1.9384255409240723 16
1731942344877 1.93853759765625 17
1731942344912 1.9386252164840698 18
1731942344943 1.9386858940124512 19
1731942344973 1.9387173652648926 20
1731942345015 1.9387173652648926 21
1731942345045 1.9386829137802124 22
1731942345073 1.9386107921600342 23
1731942345107 1.938497543334961 24
1731942345144 1.9383397102355957 25
1731942345173 1.9381330013275146 26
1731942345202 1.9378727674484253 27
1731942345239 1.9375534057617188 28
1731942345273 1.9371694326400757 29
1731942345303 1.9367135763168335 30
1731942345333 1.93617844581604 31
1731942345361 1.9355547428131104 32
1731942345390 1.9348318576812744 33
1731942345420 1.933997392654419 34
1731942345450 1.9330363273620605 35
1731942345479 1.931930661201477 36
1731942345513 1.9306576251983643 37
1731942345542 1.9291895627975464 38
1731942345572 1.9274897575378418 39
1731942345607 1.9255099296569824 40
1731942345642 1.9231829643249512 41
1731942345676 1.9204108715057373 42
1731942345709 1.917039155960083 43
1731942345744 1.912790060043335 44
1731942345773 1.907029390335083 45
1731942345802 1.9056388139724731 46
1731942345832 1.9056388139724731 47
