1731942344302 1.457113265991211 0
1731942344334 1.4287446737289429 1
1731942344362 1.4320251941680908 2
1731942344392 1.446567177772522 3
1731942344422 1.4624614715576172 4
1731942344450 1.4764373302459717 5
1731942344479 1.488415002822876 6
1731942344514 1.49933922290802 7
1731942344544 1.5088717937469482 8
1731942344573 1.5165824890136719 9
1731942344614 1.5177195072174072 10
1731942344641 1.513051986694336 11
1731942344671 1.5082687139511108 12
1731942344716 1.5015544891357422 13
1731942344765 1.4915411472320557 14
1731942344796 1.4840673208236694 15
1731942344831 1.4869284629821777 16
1731942344866 1.48980712890625 17
1731942344900 1.492701768875122 18
1731942344931 1.4956103563308716 19
1731942344963 1.4985308647155762 20
1731942345008 1.5014609098434448 21
1731942345037 1.5043983459472656 22
1731942345064 1.507340669631958 23
1731942345097 1.5102850198745728 24
1731942345135 1.5132285356521606 25
1731942345166 1.5161678791046143 26
1731942345194 1.5190999507904053 27
1731942345227 1.5220203399658203 28
1731942345266 1.5249252319335938 29
1731942345295 1.527809739112854 30
1731942345326 1.5306687355041504 31
1731942345354 1.533496379852295 32
1731942345382 1.5362859964370728 33
1731942345413 1.5390300750732422 34
1731942345439 1.541719913482666 35
1731942345469 1.5443451404571533 36
1731942345502 1.5468933582305908 37
1731942345531 1.5493502616882324 38
1731942345562 1.5516976118087769 39
1731942345596 1.5539124011993408 40
1731942345631 1.5559642314910889 41
1731942345666 1.5578116178512573 42
1731942345701 1.5593934059143066 43
1731942345734 1.5606091022491455 44
1731942345766 1.561255693435669 45
1731942345795 1.5612781047821045 46
1731942345824 1.5612781047821045 47
