1731942344306 1.2016246318817139 0
1731942344336 1.0620384216308594 1
1731942344365 0.9092596769332886 2
1731942344395 0.8373552560806274 3
1731942344424 0.7874428033828735 4
1731942344453 0.7613396644592285 5
1731942344482 0.7378658652305603 6
1731942344516 0.7066664099693298 7
1731942344546 0.6644716262817383 8
1731942344577 0.6039046049118042 9
1731942344617 0.5347369313240051 10
1731942344645 0.44551926851272583 11
1731942344674 0.4166794419288635 12
1731942344722 0.3771769106388092 13
1731942344768 0.3159268796443939 14
1731942344799 0.24741263687610626 15
1731942344834 0.24822236597537994 16
1731942344869 0.2488957643508911 17
1731942344903 0.2494211196899414 18
1731942344934 0.2497856616973877 19
1731942344965 0.24997539818286896 20
1731942345011 0.2499750554561615 21
1731942345039 0.24976778030395508 22
1731942345068 0.24933494627475739 23
1731942345101 0.24865587055683136 24
1731942345139 0.24770750105381012 25
1731942345168 0.24646389484405518 26
1731942345196 0.2448958158493042 27
1731942345231 0.2429700493812561 28
1731942345268 0.24064844846725464 29
1731942345298 0.2378871589899063 30
1731942345328 0.23463505506515503 31
1731942345357 0.23083201050758362 32
1731942345385 0.22640648484230042 33
1731942345416 0.22127234935760498 34
1731942345442 0.215324267745018 35
1731942345471 0.20843109488487244 36
1731942345505 0.20042629539966583 37
1731942345534 0.19109275937080383 38
1731942345564 0.1801387071609497 39
1731942345599 0.16715599596500397 40
1731942345636 0.15154287219047546 41
1731942345670 0.13234452903270721 42
1731942345703 0.10786890983581543 43
1731942345737 0.07448568940162659 44
1731942345768 0.01960356906056404 45
1731942345798 -0.0 46
1731942345826 -0.0 47
