1731942344308 2.0550365447998047 0
1731942344338 2.0550365447998047 1
1731942344367 2.0550365447998047 2
1731942344397 2.0550365447998047 3
1731942344427 2.0550365447998047 4
1731942344456 2.0550365447998047 5
1731942344485 2.0550365447998047 6
1731942344519 2.0550365447998047 7
1731942344549 2.0550365447998047 8
1731942344580 2.0550365447998047 9
1731942344620 2.0550365447998047 10
1731942344648 2.0550365447998047 11
1731942344677 2.0550365447998047 12
1731942344727 2.0550365447998047 13
1731942344771 2.0550365447998047 14
1731942344802 2.0550365447998047 15
1731942344837 2.0550365447998047 16
1731942344872 2.0550365447998047 17
1731942344909 2.0550365447998047 18
1731942344940 2.0550365447998047 19
1731942344970 2.0550365447998047 20
1731942345013 2.0550365447998047 21
1731942345042 2.0550365447998047 22
1731942345070 2.0550365447998047 23
1731942345104 2.0550365447998047 24
1731942345142 2.0550365447998047 25
1731942345170 2.0550365447998047 26
1731942345199 2.0550365447998047 27
1731942345234 2.0550365447998047 28
1731942345270 2.0550365447998047 29
1731942345301 2.0550365447998047 30
1731942345331 2.0550365447998047 31
1731942345359 2.0550365447998047 32
1731942345388 2.0550365447998047 33
1731942345418 2.0550365447998047 34
1731942345447 2.0550365447998047 35
1731942345474 2.0550365447998047 36
1731942345509 2.0550365447998047 37
1731942345537 2.0550365447998047 38
1731942345567 2.0550365447998047 39
1731942345604 2.0550365447998047 40
1731942345639 2.0550365447998047 41
1731942345673 2.0550365447998047 42
1731942345706 2.0550365447998047 43
1731942345741 2.0550365447998047 44
1731942345771 2.0550365447998047 45
1731942345800 2.0550365447998047 46
1731942345829 2.0550365447998047 47
