1731942344313 1.9533144235610962 0
1731942344343 1.895886778831482 1
1731942344372 1.8142707347869873 2
1731942344402 1.7758114337921143 3
1731942344431 1.7474628686904907 4
1731942344460 1.7260427474975586 5
1731942344491 1.7049920558929443 6
1731942344523 1.6801533699035645 7
1731942344553 1.6498546600341797 8
1731942344587 1.610203504562378 9
1731942344625 1.5683172941207886 10
1731942344653 1.515418529510498 11
1731942344685 1.5035967826843262 12
1731942344738 1.4874610900878906 13
1731942344777 1.4622045755386353 14
1731942344808 1.4316915273666382 15
1731942344844 1.4299886226654053 16
1731942344881 1.4281916618347168 17
1731942344915 1.4262940883636475 18
1731942344946 1.4242894649505615 19
1731942344976 1.4221700429916382 20
1731942345017 1.4199278354644775 21
1731942345047 1.4175536632537842 22
1731942345076 1.4150373935699463 23
1731942345110 1.4123677015304565 24
1731942345148 1.4095319509506226 25
1731942345175 1.40651535987854 26
1731942345205 1.4033021926879883 27
1731942345243 1.3998732566833496 28
1731942345276 1.3962070941925049 29
1731942345305 1.392278790473938 30
1731942345335 1.3880586624145508 31
1731942345363 1.383512258529663 32
1731942345392 1.3785977363586426 33
1731942345423 1.3732645511627197 34
1731942345453 1.367450475692749 35
1731942345482 1.3610777854919434 36
1731942345515 1.35404634475708 37
1731942345545 1.3462255001068115 38
1731942345575 1.337437391281128 39
1731942345610 1.3274314403533936 40
1731942345645 1.315835952758789 41
1731942345679 1.3020539283752441 42
1731942345713 1.285017967224121 43
1731942345746 1.2624086141586304 44
1731942345775 1.2260427474975586 45
1731942345805 1.2131201028823853 46
1731942345834 1.2131201028823853 47
