1731942344316 0.0 0
1731942344345 0.0 1
1731942344374 0.0 2
1731942344405 0.0 3
1731942344434 0.0 4
1731942344463 0.0 5
1731942344495 0.0 6
1731942344526 0.0 7
1731942344556 0.0 8
1731942344590 0.0 9
1731942344627 0.0 10
1731942344655 0.0 11
1731942344690 0.0 12
1731942344742 0.0 13
1731942344780 0.0 14
1731942344812 0.0 15
1731942344849 0.0 16
1731942344883 0.0 17
1731942344918 0.0 18
1731942344948 0.0 19
1731942344979 0.0 20
1731942345020 0.0 21
1731942345049 0.0 22
1731942345078 0.0 23
1731942345113 0.0 24
1731942345151 0.0 25
1731942345178 0.0 26
1731942345208 0.0 27
1731942345247 0.0 28
1731942345280 0.0 29
1731942345309 0.0 30
1731942345338 0.0 31
1731942345366 0.0 32
1731942345395 0.0 33
1731942345425 0.0 34
1731942345455 0.0 35
1731942345484 0.0 36
1731942345518 0.0 37
1731942345547 0.0 38
1731942345579 0.0 39
1731942345613 0.0 40
1731942345648 0.0 41
1731942345682 0.0 42
1731942345717 0.0 43
1731942345749 0.0 44
1731942345778 0.0 45
1731942345807 0.0 46
1731942345836 0.0 47
