1732014442624 0.22688841819763184 0
1732014442652 0.09556806087493896 1
1732014442681 0.015948772430419922 2
1732014442712 0.0031652450561523438 3
1732014442740 0.0009664297103881836 4
1732014442768 0.00033473968505859375 5
1732014442795 0.00012421607971191406 6
1732014442824 4.601478576660156e-05 7
1732014442854 1.7404556274414062e-05 8
1732014442885 6.4373016357421875e-06 9
1732014442915 2.6226043701171875e-06 10
1732014442943 9.5367431640625e-07 11
1732014442972 3.5762786865234375e-07 12
1732014443002 1.1920928955078125e-07 13
1732014443032 1.1920928955078125e-07 14
1732014443059 0.0 15
1732014443089 0.0 16
1732014443117 0.0 17
1732014443144 -1.1920928955078125e-07 18
1732014443170 0.0 19
1732014443196 0.0 20
1732014443223 1.1920928955078125e-07 21
1732014443251 0.0 22
1732014443277 0.0 23
