1732014442630 2e-05 0
1732014442658 -0.13132035732269287 1
1732014442689 -0.07961928844451904 2
1732014442719 -0.012783527374267578 3
1732014442747 -0.00219881534576416 4
1732014442775 -0.0006316900253295898 5
1732014442802 -0.0002105236053466797 6
1732014442829 -7.82012939453125e-05 7
1732014442861 -2.86102294921875e-05 8
1732014442892 -1.0967254638671875e-05 9
1732014442921 -3.814697265625e-06 10
1732014442948 -1.6689300537109375e-06 11
1732014442978 -5.960464477539062e-07 12
1732014443008 -2.384185791015625e-07 13
1732014443037 0.0 14
1732014443065 -1.1920928955078125e-07 15
1732014443095 0.0 16
1732014443123 0.0 17
1732014443151 -1.1920928955078125e-07 18
1732014443177 1.1920928955078125e-07 19
1732014443201 0.0 20
1732014443228 1.1920928955078125e-07 21
1732014443256 -1.1920928955078125e-07 22
1732014443282 0.0 23
