1732014442627 2e-05 0
1732014442655 0.8947122097015381 1
1732014442685 0.5188892483711243 2
1732014442716 0.20594295859336853 3
1732014442744 0.09585929661989212 4
1732014442772 0.054349008947610855 5
1732014442799 0.03252246603369713 6
1732014442826 0.01989060640335083 7
1732014442857 0.012181526981294155 8
1732014442889 0.007486372720450163 9
1732014442918 0.004599814303219318 10
1732014442946 0.0028290553018450737 11
1732014442975 0.0017396262846887112 12
1732014443005 0.0010700102429836988 13
1732014443034 0.0006581366760656238 14
1732014443063 0.0004049265698995441 15
1732014443092 0.0002491314662620425 16
1732014443120 0.00015330893802456558 17
1732014443147 9.432238584849983e-05 18
1732014443173 5.798454367322847e-05 19
1732014443199 3.570440094335936e-05 20
1732014443225 2.2024238205631264e-05 21
1732014443253 1.3581883649749216e-05 22
1732014443280 8.38092000776669e-06 23
