1732014442641 1.4428985118865967 0
1732014442668 1.4497675895690918 1
1732014442700 1.4519069194793701 2
1732014442729 1.4530298709869385 3
1732014442757 1.4531147480010986 4
1732014442786 1.453163743019104 5
1732014442813 1.4531757831573486 6
1732014442840 1.4531809091567993 7
1732014442874 1.4531826972961426 8
1732014442904 1.4531832933425903 9
1732014442933 1.4531835317611694 10
1732014442959 1.4531837701797485 11
1732014442991 1.453183889389038 12
1732014443020 1.453183650970459 13
1732014443048 1.453183650970459 14
1732014443075 1.453183889389038 15
1732014443106 1.453183650970459 16
1732014443133 1.4531837701797485 17
1732014443161 1.453183650970459 18
1732014443186 1.4531837701797485 19
1732014443212 1.453183650970459 20
1732014443239 1.4531837701797485 21
1732014443265 1.453183650970459 22
1732014443291 1.453183650970459 23
