1732014442633 1.5378594398498535 0
1732014442660 1.536440372467041 1
1732014442692 1.562957763671875 2
1732014442721 1.5615818500518799 3
1732014442750 1.5619148015975952 4
1732014442778 1.5612068176269531 5
1732014442806 1.561264991760254 6
1732014442832 1.5610690116882324 7
1732014442864 1.561110019683838 8
1732014442894 1.5610496997833252 9
1732014442924 1.5610706806182861 10
1732014442950 1.561050534248352 11
1732014442982 1.5610597133636475 12
1732014443011 1.561052680015564 13
1732014443039 1.56105637550354 14
1732014443068 1.56105375289917 15
1732014443098 1.5610551834106445 16
1732014443126 1.5610542297363281 17
1732014443154 1.5610547065734863 18
1732014443179 1.5610544681549072 19
1732014443204 1.5610547065734863 20
1732014443231 1.5610545873641968 21
1732014443258 1.5610547065734863 22
1732014443285 1.5610547065734863 23
