1732014442636 1.3109710216522217 0
1732014442663 1.440872311592102 1
1732014442695 1.547008991241455 2
1732014442724 1.5584166049957275 3
1732014442752 1.560948371887207 4
1732014442781 1.5608720779418945 5
1732014442809 1.561140775680542 6
1732014442835 1.5610229969024658 7
1732014442868 1.5610926151275635 8
1732014442898 1.5610432624816895 9
1732014442926 1.561068058013916 10
1732014442953 1.5610495805740356 11
1732014442984 1.5610593557357788 12
1732014443014 1.5610525608062744 13
1732014443042 1.5610562562942505 14
1732014443070 1.56105375289917 15
1732014443100 1.5610551834106445 16
1732014443128 1.5610542297363281 17
1732014443156 1.5610548257827759 18
1732014443181 1.5610544681549072 19
1732014443207 1.5610547065734863 20
1732014443233 1.5610544681549072 21
1732014443261 1.5610547065734863 22
1732014443287 1.5610547065734863 23
