1732014442638 1.3697903156280518 0
1732014442665 1.3697903156280518 1
1732014442697 1.3697903156280518 2
1732014442726 1.3697903156280518 3
1732014442755 1.3697903156280518 4
1732014442783 1.3697903156280518 5
1732014442811 1.3697903156280518 6
1732014442838 1.3697903156280518 7
1732014442871 1.3697903156280518 8
1732014442901 1.3697903156280518 9
1732014442930 1.3697903156280518 10
1732014442955 1.3697903156280518 11
1732014442987 1.3697903156280518 12
1732014443017 1.3697903156280518 13
1732014443045 1.3697903156280518 14
1732014443073 1.3697903156280518 15
1732014443103 1.3697903156280518 16
1732014443131 1.3697903156280518 17
1732014443158 1.3697903156280518 18
1732014443184 1.3697903156280518 19
1732014443210 1.3697903156280518 20
1732014443236 1.3697903156280518 21
1732014443263 1.3697903156280518 22
1732014443289 1.3697903156280518 23
