1732014442643 1.2194160223007202 0
1732014442670 1.234822392463684 1
1732014442703 1.2528706789016724 2
1732014442731 1.2541544437408447 3
1732014442759 1.254276156425476 4
1732014442788 1.2543997764587402 5
1732014442816 1.2544370889663696 6
1732014442844 1.2544548511505127 7
1732014442876 1.2544611692428589 8
1732014442907 1.254463791847229 9
1732014442935 1.2544645071029663 10
1732014442962 1.254464864730835 11
1732014442994 1.2544652223587036 12
1732014443024 1.2544652223587036 13
1732014443050 1.2544652223587036 14
1732014443078 1.2544652223587036 15
1732014443108 1.2544652223587036 16
1732014443136 1.254465103149414 17
1732014443163 1.2544653415679932 18
1732014443188 1.2544652223587036 19
1732014443214 1.254465103149414 20
1732014443242 1.2544652223587036 21
1732014443269 1.254465103149414 22
1732014443293 1.2544652223587036 23
