tensor([[[[[0.2000, 0.2000],
           [0.2000, 0.2000]],

          [[0.2000, 0.2000],
           [0.2000, 0.2000]]],


         [[[0.2000, 0.2000],
           [0.2000, 0.2000]],

          [[0.2000, 0.2000],
           [0.2000, 0.2000]]]],



        [[[[0.3100, 0.3100],
           [0.3100, 0.3100]],

          [[0.3100, 0.3100],
           [0.3100, 0.3100]]],


         [[[0.3100, 0.3100],
           [0.3100, 0.3100]],

          [[0.3100, 0.3100],
           [0.3100, 0.3100]]]],



        [[[[0.2800, 0.2800],
           [0.2800, 0.2800]],

          [[0.2800, 0.2800],
           [0.2800, 0.2800]]],


         [[[0.2800, 0.2800],
           [0.2800, 0.2800]],

          [[0.2800, 0.2800],
           [0.2800, 0.2800]]]],



        [[[[0.2100, 0.2100],
           [0.2100, 0.2100]],

          [[0.2100, 0.2100],
           [0.2100, 0.2100]]],


         [[[0.2100, 0.2100],
           [0.2100, 0.2100]],

          [[0.2100, 0.2100],
           [0.2100, 0.2100]]]]], grad_fn=<RoundBackward1>)