1732020779364 -0.02345442771911621 0
1732020779389 -0.036185264587402344 1
1732020779422 -0.06238889694213867 2
1732020779470 -0.09451055526733398 3
1732020779502 -0.11610198020935059 4
1732020779531 -0.12212562561035156 5
1732020779574 -0.12856650352478027 6
1732020779604 -0.13479399681091309 7
1732020779638 -0.14141058921813965 8
1732020779678 -0.1484285593032837 9
1732020779706 -0.15584897994995117 10
1732020779733 -0.16382551193237305 11
1732020779763 -0.1722261905670166 12
1732020779798 -0.18011760711669922 13
1732020779834 -0.18852508068084717 14
1732020779868 -0.19752788543701172 15
1732020779897 -0.2071225643157959 16
1732020779924 -0.21697592735290527 17
1732020779950 -0.22763752937316895 18
1732020779974 -0.23928534984588623 19
1732020779998 -0.2521822452545166 20
1732020780022 -0.26676225662231445 21
1732020780046 -0.2835686206817627 22
1732020780068 -0.2932673692703247 23
1732020780092 -0.3033459186553955 24
1732020780115 -0.3141956329345703 25
1732020780139 -0.3259754180908203 26
1732020780162 -0.33892810344696045 27
1732020780187 -0.3535357713699341 28
1732020780211 -0.3683640956878662 29
1732020780235 -0.377827525138855 30
1732020780262 -0.3855675458908081 31
1732020780285 -0.3929351568222046 32
1732020780310 -0.4007413387298584 33
1732020780333 -0.40855515003204346 34
1732020780362 -0.41470956802368164 35
1732020780391 -0.4189903736114502 36
1732020780416 -0.42340290546417236 37
1732020780441 -0.4279545545578003 38
1732020780465 -0.4326537847518921 39
1732020780491 -0.43750929832458496 40
1732020780515 -0.44253087043762207 41
1732020780536 -0.44772887229919434 42
1732020780559 -0.45311522483825684 43
1732020780582 -0.45852625370025635 44
1732020780606 -0.4621988534927368 45
1732020780627 -0.4658036231994629 46
1732020780649 -0.4692496061325073 47
1732020780672 -0.47278547286987305 48
1732020780696 -0.4764174222946167 49
1732020780717 -0.4801527261734009 50
1732020780741 -0.48399877548217773 51
1732020780764 -0.48796534538269043 52
1732020780786 -0.4920639991760254 53
1732020780813 -0.49630820751190186 54
1732020780839 -0.5003159046173096 55
1732020780862 -0.5044811964035034 56
1732020780885 -0.5088419914245605 57
1732020780910 -0.5134460926055908 58
1732020780935 -0.5183801651000977 59
1732020780958 -0.5238765478134155 60
1732020780983 -0.5284236669540405 61
1732020781010 -0.5326839685440063 62
1732020781035 -0.5360066890716553 63
1732020781058 -0.5392026901245117 64
1732020781083 -0.5424835681915283 65
1732020781107 -0.5458539724349976 66
1732020781132 -0.5493202209472656 67
1732020781155 -0.5528887510299683 68
1732020781179 -0.556566596031189 69
1732020781206 -0.5603616237640381 70
1732020781231 -0.5642826557159424 71
1732020781257 -0.5677847862243652 72
1732020781281 -0.5712697505950928 73
1732020781306 -0.5748552083969116 74
1732020781337 -0.5785489082336426 75
1732020781364 -0.5823585987091064 76
1732020781390 -0.5862936973571777 77
1732020781415 -0.5903646945953369 78
1732020781439 -0.5945825576782227 79
1732020781461 -0.598961353302002 80
1732020781483 -0.6035163402557373 81
1732020781508 -0.6082650423049927 82
1732020781530 -0.6132285594940186 83
1732020781552 -0.6181108951568604 84
1732020781576 -0.6231955289840698 85
1732020781600 -0.6285343170166016 86
1732020781623 -0.6341596841812134 87
1732020781647 -0.640110969543457 88
1732020781671 -0.6464371681213379 89
1732020781696 -0.6531999111175537 90
1732020781719 -0.6604806184768677 91
1732020781749 -0.6683130264282227 92
1732020781781 -0.6755154132843018 93
1732020781808 -0.6823110580444336 94
1732020781841 -0.688220739364624 95
1732020781868 -0.6944998502731323 96
1732020781892 -0.7012126445770264 97
1732020781922 -0.7078747749328613 98
1732020781947 -0.7147326469421387 99
1732020781972 -0.7223035097122192 100
1732020781995 -0.7309242486953735 101
1732020782019 -0.7395366430282593 102
1732020782044 -0.7464203834533691 103
1732020782067 -0.7489356994628906 104
1732020782089 -0.751590371131897 105
1732020782111 -0.7544058561325073 106
1732020782134 -0.7574089765548706 107
1732020782162 -0.7606362104415894 108
1732020782186 -0.7641353607177734 109
1732020782213 -0.7679723501205444 110
1732020782236 -0.7722434997558594 111
1732020782263 -0.777097225189209 112
1732020782288 -0.7827852964401245 113
1732020782313 -0.7898041009902954 114
1732020782338 -0.7994911670684814 115
1732020782360 -0.8088252544403076 116
1732020782384 -0.8092495203018188 117
1732020782409 -0.8096785545349121 118
1732020782435 -0.8101123571395874 119
1732020782458 -0.8105514049530029 120
1732020782480 -0.8109955787658691 121
1732020782507 -0.8114452362060547 122
1732020782532 -0.8119006156921387 123
1732020782559 -0.8123619556427002 124
1732020782585 -0.8124842643737793 125
1732020782609 -0.8125114440917969 126
1732020782633 -0.8125386238098145 127
1732020782658 -0.8125660419464111 128
1732020782687 -0.8125935792922974 129
1732020782712 -0.812620997428894 130
1732020782735 -0.8126486539840698 131
1732020782759 -0.8126763105392456 132
1732020782783 -0.8127040863037109 133
1732020782808 -0.8127318620681763 134
1732020782832 -0.8127598762512207 135
1732020782855 -0.8127877712249756 136
1732020782877 -0.8128159046173096 137
1732020782902 -0.812843918800354 138
1732020782926 -0.8128721714019775 139
1732020782949 -0.8129005432128906 140
1732020782972 -0.8129289150238037 141
1732020782999 -0.8129572868347168 142
1732020783022 -0.812985897064209 143
1732020783047 -0.8130145072937012 144
1732020783071 -0.8130433559417725 145
1732020783095 -0.8130722045898438 146
1732020783124 -0.813101053237915 147
1732020783151 -0.8131299018859863 148
1732020783175 -0.8131589889526367 149
1732020783196 -0.8131880760192871 150
1732020783218 -0.813217282295227 151
1732020783240 -0.8132467269897461 152
1732020783264 -0.8132760524749756 153
1732020783285 -0.8133056163787842 154
1732020783308 -0.8133351802825928 155
1732020783330 -0.8133648633956909 156
1732020783351 -0.8133946657180786 157
1732020783373 -0.8134244680404663 158
1732020783395 -0.8134543895721436 159
1732020783417 -0.8134844303131104 160
1732020783439 -0.8135144710540771 161
1732020783461 -0.8135446310043335 162
1732020783484 -0.813575029373169 163
1732020783506 -0.8136054277420044 164
1732020783528 -0.8136358261108398 165
1732020783552 -0.8136663436889648 166
1732020783578 -0.8136969804763794 167
1732020783599 -0.813727855682373 168
1732020783622 -0.8137586116790771 169
1732020783644 -0.8137896060943604 170
1732020783666 -0.8138206005096436 171
1732020783687 -0.8138517141342163 172
1732020783710 -0.8138829469680786 173
1732020783732 -0.8139141798019409 174
1732020783756 -0.8139455318450928 175
1732020783779 -0.8139771223068237 176
1732020783802 -0.8140088319778442 177
1732020783826 -0.8140404224395752 178
1732020783848 -0.8140721321105957 179
1732020783870 -0.8141040802001953 180
1732020783892 -0.8141360282897949 181
1732020783916 -0.8141680955886841 182
1732020783940 -0.8142001628875732 183
1732020783962 -0.8142324686050415 184
1732020783984 -0.8142648935317993 185
1732020784009 -0.8142974376678467 186
1732020784030 -0.814329981803894 187
1732020784053 -0.814362645149231 188
1732020784076 -0.8143954277038574 189
1732020784099 -0.8144283294677734 190
1732020784122 -0.8144612312316895 191
1732020784145 -0.814494252204895 192
1732020784167 -0.8145275115966797 193
1732020784188 -0.8145608901977539 194
1732020784210 -0.8145942687988281 195
1732020784232 -0.8146276473999023 196
1732020784256 -0.8146615028381348 197
1732020784279 -0.8146951198577881 198
1732020784302 -0.8147289752960205 199
1732020784325 -0.8147628307342529 200
1732020784348 -0.8147969245910645 201
1732020784370 -0.814831018447876 202
1732020784393 -0.8148653507232666 203
1732020784417 -0.8148996829986572 204
1732020784439 -0.814934253692627 205
1732020784461 -0.8149688243865967 206
1732020784484 -0.8150033950805664 207
1732020784507 -0.8150382041931152 208
1732020784531 -0.8150732517242432 209
1732020784554 -0.8151081800460815 210
1732020784578 -0.815143346786499 211
1732020784600 -0.815178632736206 212
1732020784621 -0.8152139186859131 213
1732020784643 -0.8152494430541992 214
1732020784666 -0.8152850866317749 215
1732020784688 -0.8153208494186401 216
1732020784711 -0.8153567314147949 217
1732020784740 -0.8153926134109497 218
1732020784766 -0.8154287338256836 219
1732020784790 -0.8154590129852295 220
1732020784813 -0.8154869079589844 221
1732020784838 -0.8155148029327393 222
1732020784861 -0.8155429363250732 223
1732020784884 -0.8155710697174072 224
1732020784907 -0.8155996799468994 225
1732020784935 -0.8156280517578125 226
1732020784959 -0.8156564235687256 227
1732020784984 -0.8156852722167969 228
1732020785010 -0.8157140016555786 229
1732020785035 -0.8157429695129395 230
1732020785057 -0.8157719373703003 231
1732020785081 -0.8158011436462402 232
1732020785104 -0.8158303499221802 233
1732020785128 -0.8158597946166992 234
1732020785150 -0.8158891201019287 235
1732020785172 -0.8159188032150269 236
1732020785197 -0.8159486055374146 237
1732020785227 -0.8159782886505127 238
1732020785251 -0.8160083293914795 239
1732020785274 -0.8160384893417358 240
1732020785296 -0.8160686492919922 241
1732020785326 -0.8160991668701172 242
1732020785350 -0.8161296844482422 243
1732020785372 -0.8161600828170776 244
1732020785393 -0.8161909580230713 245
1732020785418 -0.8162217140197754 246
1732020785444 -0.8162527084350586 247
1732020785469 -0.8162839412689209 248
1732020785494 -0.8163151741027832 249
1732020785516 -0.8163466453552246 250
1732020785539 -0.816378116607666 251
1732020785562 -0.8164098262786865 252
1732020785586 -0.8164417743682861 253
1732020785608 -0.8164737224578857 254
1732020785633 -0.8165056705474854 255
1732020785657 -0.8165380954742432 256
1732020785682 -0.8165704011917114 257
1732020785705 -0.8166029453277588 258
1732020785732 -0.8166356086730957 259
1732020785757 -0.8166685104370117 260
1732020785782 -0.8167014122009277 261
1732020785806 -0.8167346715927124 262
1732020785831 -0.8167679309844971 263
1732020785854 -0.8168014287948608 264
1732020785879 -0.8168350458145142 265
1732020785902 -0.816868782043457 266
1732020785924 -0.8169026374816895 267
1732020785946 -0.816936731338501 268
1732020785969 -0.8169710636138916 269
1732020785992 -0.8170056343078613 270
1732020786016 -0.817039966583252 271
1732020786041 -0.8170747756958008 272
1732020786065 -0.8171098232269287 273
1732020786089 -0.8171448707580566 274
1732020786113 -0.8171801567077637 275
1732020786137 -0.8172154426574707 276
1732020786160 -0.8172512054443359 277
1732020786183 -0.8172869682312012 278
1732020786205 -0.8173229694366455 279
1732020786233 -0.817359209060669 280
1732020786267 -0.8173954486846924 281
1732020786301 -0.8174320459365845 282
1732020786336 -0.8174686431884766 283
1732020786363 -0.8175055980682373 284
1732020786388 -0.8175426721572876 285
1732020786410 -0.817579984664917 286
1732020786434 -0.8176175355911255 287
1732020786458 -0.817655086517334 288
1732020786481 -0.8176932334899902 289
1732020786505 -0.8177312612533569 290
1732020786528 -0.8177695274353027 291
1732020786553 -0.8178079128265381 292
1732020786578 -0.8178467750549316 293
1732020786601 -0.8178856372833252 294
1732020786625 -0.817924976348877 295
1732020786650 -0.8179643154144287 296
1732020786674 -0.8180038928985596 297
1732020786698 -0.81804358959198 298
1732020786720 -0.8180837631225586 299
1732020786744 -0.8181240558624268 300
1732020786766 -0.818164587020874 301
1732020786788 -0.8182051181793213 302
1732020786809 -0.8182462453842163 303
1732020786832 -0.8182873725891113 304
1732020786854 -0.818328857421875 305
1732020786875 -0.8183704614639282 306
1732020786897 -0.8184125423431396 307
1732020786920 -0.8184547424316406 308
1732020786943 -0.8184971809387207 309
1732020786964 -0.8185398578643799 310
1732020786987 -0.8185827732086182 311
1732020787010 -0.8186259269714355 312
1732020787033 -0.8186695575714111 313
1732020787055 -0.8187133073806763 314
1732020787079 -0.8187527656555176 315
1732020787103 -0.8187782764434814 316
1732020787127 -0.818804144859314 317
1732020787150 -0.8188298940658569 318
1732020787176 -0.8188557624816895 319
1732020787200 -0.8188817501068115 320
1732020787225 -0.8189077377319336 321
1732020787247 -0.8189337253570557 322
1732020787271 -0.8189599514007568 323
1732020787295 -0.818986177444458 324
1732020787320 -0.8190124034881592 325
1732020787344 -0.8190387487411499 326
1732020787367 -0.8190652132034302 327
1732020787392 -0.8190916776657104 328
1732020787418 -0.8191182613372803 329
1732020787442 -0.8191448450088501 330
1732020787465 -0.8191715478897095 331
1732020787489 -0.8191981315612793 332
1732020787515 -0.8192250728607178 333
1732020787539 -0.8192520141601562 334
1732020787563 -0.8192789554595947 335
1732020787586 -0.8193060159683228 336
1732020787610 -0.8193331956863403 337
1732020787633 -0.8193603754043579 338
1732020787658 -0.819387674331665 339
1732020787679 -0.8194150924682617 340
1732020787704 -0.8194423913955688 341
1732020787728 -0.8194699287414551 342
1732020787752 -0.8194974660873413 343
1732020787777 -0.8195251226425171 344
1732020787800 -0.8195528984069824 345
1732020787831 -0.8195805549621582 346
1732020787863 -0.8196084499359131 347
1732020787887 -0.8196364641189575 348
1732020787914 -0.819664478302002 349
1732020787942 -0.8196926116943359 350
1732020787969 -0.8197208642959595 351
1732020787991 -0.819749116897583 352
1732020788016 -0.8197773694992065 353
1732020788039 -0.8198058605194092 354
1732020788061 -0.8198344707489014 355
1732020788082 -0.819862961769104 356
1732020788107 -0.8198916912078857 357
1732020788131 -0.8199203014373779 358
1732020788153 -0.8199493885040283 359
1732020788174 -0.8199782371520996 360
1732020788197 -0.82000732421875 361
1732020788219 -0.8200362920761108 362
1732020788240 -0.8200654983520508 363
1732020788263 -0.8200948238372803 364
1732020788286 -0.8201241493225098 365
1732020788307 -0.8201537132263184 366
1732020788329 -0.8201830387115479 367
1732020788352 -0.820212721824646 368
1732020788379 -0.8202424049377441 369
1732020788402 -0.8202722072601318 370
1732020788425 -0.8203022480010986 371
1732020788448 -0.8203320503234863 372
1732020788470 -0.8203622102737427 373
1732020788492 -0.820392370223999 374
1732020788514 -0.8204226493835449 375
1732020788538 -0.8204531669616699 376
1732020788563 -0.8204834461212158 377
1732020788588 -0.8205139636993408 378
1732020788611 -0.8205444812774658 379
1732020788635 -0.820575475692749 380
1732020788658 -0.8206062316894531 381
1732020788680 -0.8206372261047363 382
1732020788701 -0.82066810131073 383
1732020788724 -0.8206992149353027 384
1732020788747 -0.820730447769165 385
1732020788769 -0.8207619190216064 386
1732020788792 -0.8207932710647583 387
1732020788816 -0.8208247423171997 388
1732020788840 -0.8208563327789307 389
1732020788872 -0.8208880424499512 390
1732020788906 -0.8209199905395508 391
1732020788940 -0.8209519386291504 392
1732020788977 -0.8209840059280396 393
1732020789001 -0.8210161924362183 394
1732020789028 -0.8210484981536865 395
1732020789052 -0.8210808038711548 396
1732020789076 -0.8211133480072021 397
1732020789100 -0.8211460113525391 398
1732020789124 -0.8211785554885864 399
1732020789147 -0.8212113380432129 400
1732020789169 -0.8212443590164185 401
1732020789192 -0.821277379989624 402
1732020789216 -0.8213105201721191 403
1732020789239 -0.8213438987731934 404
1732020789262 -0.8213772773742676 405
1732020789286 -0.8214108943939209 406
1732020789311 -0.8214443922042847 407
1732020789333 -0.8214781284332275 408
1732020789355 -0.82151198387146 409
1732020789378 -0.8215459585189819 410
1732020789401 -0.821580171585083 411
1732020789423 -0.8216142654418945 412
1732020789446 -0.8216485977172852 413
1732020789470 -0.8216831684112549 414
1732020789495 -0.8217177391052246 415
1732020789520 -0.8217525482177734 416
1732020789541 -0.8217873573303223 417
1732020789565 -0.8218224048614502 418
1732020789588 -0.8218574523925781 419
1732020789610 -0.8218927383422852 420
1732020789631 -0.8219281435012817 421
1732020789653 -0.8219637870788574 422
1732020789675 -0.8219993114471436 423
1732020789696 -0.8220351934432983 424
1732020789720 -0.8220710754394531 425
1732020789743 -0.8221070766448975 426
1732020789765 -0.8221433162689209 427
1732020789788 -0.8221795558929443 428
1732020789811 -0.8222161531448364 429
1732020789833 -0.8222527503967285 430
1732020789854 -0.8222894668579102 431
1732020789877 -0.82232666015625 432
1732020789899 -0.8223636150360107 433
1732020789922 -0.8224008083343506 434
1732020789944 -0.8224382400512695 435
1732020789974 -0.8224756717681885 436
1732020790000 -0.8225133419036865 437
1732020790027 -0.8225512504577637 438
1732020790054 -0.8225893974304199 439
1732020790081 -0.8226274251937866 440
1732020790105 -0.8226656913757324 441
1732020790128 -0.8227041959762573 442
1732020790154 -0.8227427005767822 443
1732020790178 -0.8227815628051758 444
1732020790202 -0.8228206634521484 445
1732020790224 -0.8228597640991211 446
1732020790248 -0.8228991031646729 447
1732020790272 -0.8229384422302246 448
1732020790295 -0.8229782581329346 449
1732020790316 -0.8230180740356445 450
1732020790339 -0.823058009147644 451
1732020790361 -0.8230981826782227 452
1732020790383 -0.8231384754180908 453
1732020790405 -0.8231791257858276 454
1732020790430 -0.8232197761535645 455
1732020790453 -0.8232607841491699 456
1732020790476 -0.8233019113540649 457
1732020790501 -0.8233431577682495 458
1732020790525 -0.8233847618103027 459
1732020790549 -0.8234264850616455 460
1732020790570 -0.8234682083129883 461
1732020790593 -0.8235102891921997 462
1732020790616 -0.8235526084899902 463
1732020790639 -0.8235950469970703 464
1732020790660 -0.823637843132019 465
1732020790683 -0.8236807584762573 466
1732020790705 -0.8237239122390747 467
1732020790727 -0.8237671852111816 468
1732020790748 -0.8238108158111572 469
1732020790771 -0.8238546848297119 470
1732020790802 -0.8238986730575562 471
1732020790826 -0.8239428997039795 472
1732020790847 -0.8239874839782715 473
1732020790870 -0.824032187461853 474
1732020790895 -0.8240770101547241 475
1732020790918 -0.8241221904754639 476
1732020790940 -0.8241677284240723 477
1732020790962 -0.8242133855819702 478
1732020790987 -0.8242592811584473 479
1732020791012 -0.824305534362793 480
1732020791038 -0.8243521451950073 481
1732020791061 -0.8243988752365112 482
1732020791085 -0.8244459629058838 483
1732020791110 -0.8244931697845459 484
1732020791139 -0.8245408535003662 485
1732020791166 -0.8245887756347656 486
1732020791190 -0.8246369361877441 487
1732020791218 -0.8246854543685913 488
1732020791247 -0.8247343301773071 489
1732020791272 -0.8247835636138916 490
1732020791296 -0.8248330354690552 491
1732020791319 -0.8248828649520874 492
1732020791340 -0.8249330520629883 493
1732020791364 -0.8249837160110474 494
1732020791389 -0.8250346183776855 495
1732020791414 -0.8250861167907715 496
1732020791439 -0.8251380920410156 497
1732020791462 -0.8251903057098389 498
1732020791488 -0.8252432346343994 499
1732020791512 -0.8252965211868286 500
1732020791537 -0.8253505229949951 501
1732020791568 -0.8254053592681885 502
1732020791592 -0.8254609107971191 503
1732020791614 -0.8255177736282349 504
1732020791638 -0.8255767822265625 505
1732020791662 -0.8256274461746216 506
1732020791685 -0.825671911239624 507
1732020791708 -0.8257167339324951 508
1732020791731 -0.8257620334625244 509
1732020791756 -0.8258075714111328 510
1732020791780 -0.8258535861968994 511
1732020791803 -0.8258998394012451 512
1732020791826 -0.825946569442749 513
1732020791849 -0.825993537902832 514
1732020791870 -0.8260409832000732 515
1732020791892 -0.8260887861251831 516
1732020791915 -0.8261368274688721 517
1732020791937 -0.8261854648590088 518
1732020791958 -0.8262344598770142 519
1732020791982 -0.8262839317321777 520
1732020792005 -0.82633376121521 521
1732020792026 -0.8263838291168213 522
1732020792048 -0.8264343738555908 523
1732020792072 -0.8264853954315186 524
1732020792095 -0.8265368938446045 525
1732020792116 -0.8265888690948486 526
1732020792139 -0.8266412019729614 527
1732020792161 -0.8266940116882324 528
1732020792183 -0.8267471790313721 529
1732020792205 -0.8268008232116699 530
1732020792228 -0.8268550634384155 531
1732020792250 -0.8269097805023193 532
1732020792272 -0.8269648551940918 533
1732020792296 -0.8270204067230225 534
1732020792324 -0.8270764350891113 535
1732020792348 -0.8271331787109375 536
1732020792370 -0.8271902799606323 537
1732020792392 -0.8272478580474854 538
1732020792416 -0.8273060321807861 539
1732020792441 -0.8273646831512451 540
1732020792464 -0.8274239301681519 541
1732020792485 -0.8274836540222168 542
1732020792508 -0.8275439739227295 543
1732020792532 -0.8276048898696899 544
1732020792555 -0.8276664018630981 545
1732020792576 -0.827728271484375 546
1732020792605 -0.8277909755706787 547
1732020792629 -0.8278542757034302 548
1732020792651 -0.8279180526733398 549
1732020792672 -0.8279824256896973 550
1732020792695 -0.828047513961792 551
1732020792718 -0.828113317489624 552
1732020792740 -0.8281795978546143 553
1732020792761 -0.8282465934753418 554
1732020792786 -0.8283143043518066 555
1732020792810 -0.8283827304840088 556
1732020792833 -0.8284518718719482 557
1732020792854 -0.8285214900970459 558
1732020792877 -0.82859206199646 559
1732020792899 -0.8286631107330322 560
1732020792920 -0.8287351131439209 561
1732020792943 -0.8288078308105469 562
1732020792966 -0.8288812637329102 563
1732020792988 -0.8289556503295898 564
1732020793009 -0.8290305137634277 565
1732020793033 -0.8291065692901611 566
1732020793055 -0.8291831016540527 567
1732020793077 -0.8292605876922607 568
1732020793105 -0.8293390274047852 569
1732020793129 -0.8294181823730469 570
1732020793155 -0.829498291015625 571
1732020793178 -0.8295793533325195 572
1732020793205 -0.8296611309051514 573
1732020793228 -0.8297441005706787 574
1732020793256 -0.8298279047012329 575
1732020793281 -0.8299126625061035 576
1732020793308 -0.8299983739852905 577
1732020793334 -0.830085277557373 578
1732020793363 -0.8301730155944824 579
1732020793384 -0.8302619457244873 580
1732020793414 -0.8303518295288086 581
1732020793441 -0.8304429054260254 582
1732020793468 -0.8305349349975586 583
1732020793498 -0.8306282758712769 584
1732020793523 -0.8307228088378906 585
1732020793551 -0.8308182954788208 586
1732020793574 -0.8308212757110596 587
1732020793603 -0.8308212757110596 588
