1732020779370 2e-05 0
1732020779395 -0.012730836868286133 1
1732020779435 -0.026203632354736328 2
1732020779476 -0.03212165832519531 3
1732020779508 -0.0215914249420166 4
1732020779538 -0.0060236454010009766 5
1732020779580 -0.006440877914428711 6
1732020779610 -0.0062274932861328125 7
1732020779654 -0.0066165924072265625 8
1732020779683 -0.007017970085144043 9
1732020779712 -0.0074204206466674805 10
1732020779740 -0.007976531982421875 11
1732020779772 -0.008400678634643555 12
1732020779806 -0.007891416549682617 13
1732020779841 -0.00840747356414795 14
1732020779874 -0.00900280475616455 15
1732020779903 -0.00959467887878418 16
1732020779930 -0.009853363037109375 17
1732020779956 -0.010661602020263672 18
1732020779979 -0.011647820472717285 19
1732020780003 -0.012896895408630371 20
1732020780027 -0.014580011367797852 21
1732020780051 -0.016806364059448242 22
1732020780074 -0.009698748588562012 23
1732020780097 -0.0100785493850708 24
1732020780120 -0.010849714279174805 25
1732020780144 -0.01177978515625 26
1732020780168 -0.012952685356140137 27
1732020780191 -0.014607667922973633 28
1732020780216 -0.014828324317932129 29
1732020780240 -0.00946342945098877 30
1732020780267 -0.007740020751953125 31
1732020780291 -0.007367610931396484 32
1732020780315 -0.007806181907653809 33
1732020780338 -0.007813811302185059 34
1732020780369 -0.006154417991638184 35
1732020780396 -0.004280805587768555 36
1732020780421 -0.004412531852722168 37
1732020780446 -0.00455164909362793 38
1732020780470 -0.004699230194091797 39
1732020780496 -0.004855513572692871 40
1732020780519 -0.005021572113037109 41
1732020780542 -0.005198001861572266 42
1732020780564 -0.0053863525390625 43
1732020780587 -0.005411028861999512 44
1732020780610 -0.0036725997924804688 45
1732020780632 -0.0036047697067260742 46
1732020780654 -0.0034459829330444336 47
1732020780678 -0.0035358667373657227 48
1732020780701 -0.0036319494247436523 49
1732020780722 -0.0037353038787841797 50
1732020780746 -0.0038460493087768555 51
1732020780769 -0.003966569900512695 52
1732020780791 -0.004098653793334961 53
1732020780819 -0.004244208335876465 54
1732020780843 -0.004007697105407715 55
1732020780867 -0.004165291786193848 56
1732020780890 -0.004360795021057129 57
1732020780915 -0.0046041011810302734 58
1732020780941 -0.004934072494506836 59
1732020780963 -0.005496382713317871 60
1732020780988 -0.004547119140625 61
1732020781016 -0.00426030158996582 62
1732020781041 -0.0033227205276489258 63
1732020781063 -0.0031960010528564453 64
1732020781087 -0.0032808780670166016 65
1732020781112 -0.0033704042434692383 66
1732020781137 -0.0034662485122680664 67
1732020781161 -0.0035685300827026367 68
1732020781184 -0.003677845001220703 69
1732020781211 -0.003795027732849121 70
1732020781237 -0.003921031951904297 71
1732020781262 -0.0035021305084228516 72
1732020781286 -0.003484964370727539 73
1732020781313 -0.0035854578018188477 74
1732020781345 -0.003693699836730957 75
1732020781369 -0.003809690475463867 76
1732020781395 -0.003935098648071289 77
1732020781420 -0.00407099723815918 78
1732020781444 -0.004217863082885742 79
1732020781465 -0.004378795623779297 80
1732020781489 -0.0045549869537353516 81
1732020781513 -0.004748702049255371 82
1732020781535 -0.004963517189025879 83
1732020781557 -0.004882335662841797 84
1732020781580 -0.005084633827209473 85
1732020781605 -0.005338788032531738 86
1732020781629 -0.005625367164611816 87
1732020781652 -0.005951285362243652 88
1732020781676 -0.006326198577880859 89
1732020781701 -0.00676274299621582 90
1732020781724 -0.007280707359313965 91
1732020781755 -0.00783240795135498 92
1732020781787 -0.0072023868560791016 93
1732020781817 -0.006795644760131836 94
1732020781846 -0.00590968132019043 95
1732020781873 -0.006279110908508301 96
1732020781898 -0.006712794303894043 97
1732020781927 -0.006662130355834961 98
1732020781952 -0.006857872009277344 99
1732020781977 -0.007570862770080566 100
1732020782000 -0.008620738983154297 101
1732020782025 -0.008612394332885742 102
1732020782048 -0.006883740425109863 103
1732020782071 -0.0025153160095214844 104
1732020782094 -0.0026546716690063477 105
1732020782116 -0.0028154850006103516 106
1732020782140 -0.0030031204223632812 107
1732020782167 -0.00322723388671875 108
1732020782193 -0.003499150276184082 109
1732020782218 -0.003836989402770996 110
1732020782243 -0.004271149635314941 111
1732020782268 -0.004853725433349609 112
1732020782292 -0.005688071250915527 113
1732020782318 -0.0070188045501708984 114
1732020782343 -0.009687066078186035 115
1732020782367 -0.009334087371826172 116
1732020782389 -0.00042426586151123047 117
1732020782414 -0.0004290342330932617 118
1732020782439 -0.00043380260467529297 119
1732020782463 -0.00043904781341552734 120
1732020782487 -0.00044417381286621094 121
1732020782512 -0.0004496574401855469 122
1732020782537 -0.0004553794860839844 123
1732020782564 -0.00046133995056152344 124
1732020782589 -0.00012230873107910156 125
1732020782614 -2.7179718017578125e-05 126
1732020782640 -2.7179718017578125e-05 127
1732020782663 -2.7418136596679688e-05 128
1732020782692 -2.753734588623047e-05 129
1732020782717 -2.7418136596679688e-05 130
1732020782740 -2.765655517578125e-05 131
1732020782765 -2.765655517578125e-05 132
1732020782788 -2.777576446533203e-05 133
1732020782813 -2.777576446533203e-05 134
1732020782837 -2.8014183044433594e-05 135
1732020782860 -2.7894973754882812e-05 136
1732020782882 -2.8133392333984375e-05 137
1732020782907 -2.8014183044433594e-05 138
1732020782931 -2.8252601623535156e-05 139
1732020782955 -2.8371810913085938e-05 140
1732020782977 -2.8371810913085938e-05 141
1732020783003 -2.8371810913085938e-05 142
1732020783027 -2.86102294921875e-05 143
1732020783052 -2.86102294921875e-05 144
1732020783077 -2.8848648071289062e-05 145
1732020783100 -2.8848648071289062e-05 146
1732020783129 -2.8848648071289062e-05 147
1732020783156 -2.8848648071289062e-05 148
1732020783179 -2.9087066650390625e-05 149
1732020783202 -2.9087066650390625e-05 150
1732020783222 -2.9206275939941406e-05 151
1732020783246 -2.944469451904297e-05 152
1732020783269 -2.9325485229492188e-05 153
1732020783290 -2.956390380859375e-05 154
1732020783312 -2.956390380859375e-05 155
1732020783335 -2.968311309814453e-05 156
1732020783356 -2.9802322387695312e-05 157
1732020783377 -2.9802322387695312e-05 158
1732020783400 -2.9921531677246094e-05 159
1732020783422 -3.0040740966796875e-05 160
1732020783443 -3.0040740966796875e-05 161
1732020783466 -3.0159950256347656e-05 162
1732020783488 -3.039836883544922e-05 163
1732020783511 -3.039836883544922e-05 164
1732020783533 -3.039836883544922e-05 165
1732020783558 -3.0517578125e-05 166
1732020783582 -3.063678741455078e-05 167
1732020783605 -3.0875205993652344e-05 168
1732020783626 -3.075599670410156e-05 169
1732020783649 -3.0994415283203125e-05 170
1732020783671 -3.0994415283203125e-05 171
1732020783693 -3.1113624572753906e-05 172
1732020783714 -3.123283386230469e-05 173
1732020783737 -3.123283386230469e-05 174
1732020783762 -3.135204315185547e-05 175
1732020783783 -3.159046173095703e-05 176
1732020783807 -3.170967102050781e-05 177
1732020783831 -3.159046173095703e-05 178
1732020783853 -3.170967102050781e-05 179
1732020783874 -3.1948089599609375e-05 180
1732020783897 -3.1948089599609375e-05 181
1732020783922 -3.2067298889160156e-05 182
1732020783945 -3.2067298889160156e-05 183
1732020783966 -3.230571746826172e-05 184
1732020783989 -3.24249267578125e-05 185
1732020784013 -3.254413604736328e-05 186
1732020784037 -3.254413604736328e-05 187
1732020784058 -3.266334533691406e-05 188
1732020784081 -3.2782554626464844e-05 189
1732020784104 -3.2901763916015625e-05 190
1732020784128 -3.2901763916015625e-05 191
1732020784149 -3.3020973205566406e-05 192
1732020784171 -3.325939178466797e-05 193
1732020784193 -3.337860107421875e-05 194
1732020784214 -3.337860107421875e-05 195
1732020784237 -3.337860107421875e-05 196
1732020784261 -3.3855438232421875e-05 197
1732020784285 -3.361701965332031e-05 198
1732020784306 -3.3855438232421875e-05 199
1732020784329 -3.3855438232421875e-05 200
1732020784353 -3.409385681152344e-05 201
1732020784376 -3.409385681152344e-05 202
1732020784398 -3.4332275390625e-05 203
1732020784422 -3.4332275390625e-05 204
1732020784444 -3.457069396972656e-05 205
1732020784466 -3.457069396972656e-05 206
1732020784488 -3.457069396972656e-05 207
1732020784512 -3.4809112548828125e-05 208
1732020784537 -3.504753112792969e-05 209
1732020784559 -3.4928321838378906e-05 210
1732020784582 -3.516674041748047e-05 211
1732020784604 -3.528594970703125e-05 212
1732020784627 -3.528594970703125e-05 213
1732020784648 -3.552436828613281e-05 214
1732020784671 -3.5643577575683594e-05 215
1732020784693 -3.5762786865234375e-05 216
1732020784718 -3.5881996154785156e-05 217
1732020784746 -3.5881996154785156e-05 218
1732020784771 -3.612041473388672e-05 219
1732020784795 -3.0279159545898438e-05 220
1732020784818 -2.7894973754882812e-05 221
1732020784845 -2.7894973754882812e-05 222
1732020784866 -2.8133392333984375e-05 223
1732020784889 -2.8133392333984375e-05 224
1732020784911 -2.86102294921875e-05 225
1732020784940 -2.8371810913085938e-05 226
1732020784965 -2.8371810913085938e-05 227
1732020784988 -2.8848648071289062e-05 228
1732020785015 -2.872943878173828e-05 229
1732020785039 -2.8967857360839844e-05 230
1732020785062 -2.8967857360839844e-05 231
1732020785086 -2.9206275939941406e-05 232
1732020785109 -2.9206275939941406e-05 233
1732020785133 -2.944469451904297e-05 234
1732020785155 -2.9325485229492188e-05 235
1732020785176 -2.968311309814453e-05 236
1732020785205 -2.9802322387695312e-05 237
1732020785231 -2.968311309814453e-05 238
1732020785256 -3.0040740966796875e-05 239
1732020785279 -3.0159950256347656e-05 240
1732020785301 -3.0159950256347656e-05 241
1732020785331 -3.0517578125e-05 242
1732020785354 -3.0517578125e-05 243
1732020785377 -3.039836883544922e-05 244
1732020785399 -3.0875205993652344e-05 245
1732020785424 -3.075599670410156e-05 246
1732020785448 -3.0994415283203125e-05 247
1732020785475 -3.123283386230469e-05 248
1732020785498 -3.123283386230469e-05 249
1732020785522 -3.147125244140625e-05 250
1732020785544 -3.147125244140625e-05 251
1732020785567 -3.170967102050781e-05 252
1732020785591 -3.1948089599609375e-05 253
1732020785615 -3.1948089599609375e-05 254
1732020785637 -3.1948089599609375e-05 255
1732020785662 -3.24249267578125e-05 256
1732020785687 -3.230571746826172e-05 257
1732020785711 -3.254413604736328e-05 258
1732020785739 -3.266334533691406e-05 259
1732020785762 -3.2901763916015625e-05 260
1732020785786 -3.2901763916015625e-05 261
1732020785811 -3.325939178466797e-05 262
1732020785836 -3.325939178466797e-05 263
1732020785861 -3.349781036376953e-05 264
1732020785884 -3.361701965332031e-05 265
1732020785907 -3.3736228942871094e-05 266
1732020785929 -3.3855438232421875e-05 267
1732020785951 -3.409385681152344e-05 268
1732020785973 -3.4332275390625e-05 269
1732020785996 -3.457069396972656e-05 270
1732020786022 -3.4332275390625e-05 271
1732020786047 -3.4809112548828125e-05 272
1732020786069 -3.504753112792969e-05 273
1732020786094 -3.504753112792969e-05 274
1732020786118 -3.528594970703125e-05 275
1732020786142 -3.528594970703125e-05 276
1732020786165 -3.5762786865234375e-05 277
1732020786188 -3.5762786865234375e-05 278
1732020786210 -3.600120544433594e-05 279
1732020786240 -3.62396240234375e-05 280
1732020786274 -3.62396240234375e-05 281
1732020786308 -3.6597251892089844e-05 282
1732020786343 -3.6597251892089844e-05 283
1732020786368 -3.695487976074219e-05 284
1732020786393 -3.707408905029297e-05 285
1732020786416 -3.731250762939453e-05 286
1732020786439 -3.7550926208496094e-05 287
1732020786463 -3.7550926208496094e-05 288
1732020786486 -3.814697265625e-05 289
1732020786511 -3.802776336669922e-05 290
1732020786533 -3.826618194580078e-05 291
1732020786558 -3.838539123535156e-05 292
1732020786583 -3.886222839355469e-05 293
1732020786606 -3.886222839355469e-05 294
1732020786631 -3.933906555175781e-05 295
1732020786655 -3.933906555175781e-05 296
1732020786679 -3.9577484130859375e-05 297
1732020786703 -3.9696693420410156e-05 298
1732020786726 -4.017353057861328e-05 299
1732020786748 -4.029273986816406e-05 300
1732020786771 -4.0531158447265625e-05 301
1732020786793 -4.0531158447265625e-05 302
1732020786814 -4.112720489501953e-05 303
1732020786836 -4.112720489501953e-05 304
1732020786859 -4.1484832763671875e-05 305
1732020786881 -4.1604042053222656e-05 306
1732020786902 -4.208087921142578e-05 307
1732020786925 -4.220008850097656e-05 308
1732020786948 -4.2438507080078125e-05 309
1732020786969 -4.267692565917969e-05 310
1732020786992 -4.291534423828125e-05 311
1732020787015 -4.315376281738281e-05 312
1732020787038 -4.363059997558594e-05 313
1732020787059 -4.374980926513672e-05 314
1732020787083 -3.9458274841308594e-05 315
1732020787108 -2.5510787963867188e-05 316
1732020787132 -2.586841583251953e-05 317
1732020787156 -2.574920654296875e-05 318
1732020787181 -2.586841583251953e-05 319
1732020787205 -2.5987625122070312e-05 320
1732020787230 -2.5987625122070312e-05 321
1732020787253 -2.5987625122070312e-05 322
1732020787275 -2.6226043701171875e-05 323
1732020787300 -2.6226043701171875e-05 324
1732020787325 -2.6226043701171875e-05 325
1732020787349 -2.6345252990722656e-05 326
1732020787371 -2.6464462280273438e-05 327
1732020787397 -2.6464462280273438e-05 328
1732020787423 -2.658367156982422e-05 329
1732020787446 -2.658367156982422e-05 330
1732020787471 -2.6702880859375e-05 331
1732020787494 -2.658367156982422e-05 332
1732020787520 -2.6941299438476562e-05 333
1732020787544 -2.6941299438476562e-05 334
1732020787568 -2.6941299438476562e-05 335
1732020787591 -2.7060508728027344e-05 336
1732020787614 -2.7179718017578125e-05 337
1732020787638 -2.7179718017578125e-05 338
1732020787663 -2.7298927307128906e-05 339
1732020787685 -2.7418136596679688e-05 340
1732020787709 -2.7298927307128906e-05 341
1732020787733 -2.753734588623047e-05 342
1732020787757 -2.753734588623047e-05 343
1732020787783 -2.765655517578125e-05 344
1732020787805 -2.777576446533203e-05 345
1732020787837 -2.765655517578125e-05 346
1732020787868 -2.7894973754882812e-05 347
1732020787892 -2.8014183044433594e-05 348
1732020787920 -2.8014183044433594e-05 349
1732020787948 -2.8133392333984375e-05 350
1732020787974 -2.8252601623535156e-05 351
1732020787998 -2.8252601623535156e-05 352
1732020788021 -2.8252601623535156e-05 353
1732020788044 -2.849102020263672e-05 354
1732020788066 -2.86102294921875e-05 355
1732020788086 -2.849102020263672e-05 356
1732020788112 -2.872943878173828e-05 357
1732020788136 -2.86102294921875e-05 358
1732020788158 -2.9087066650390625e-05 359
1732020788178 -2.8848648071289062e-05 360
1732020788201 -2.9087066650390625e-05 361
1732020788224 -2.8967857360839844e-05 362
1732020788246 -2.9206275939941406e-05 363
1732020788268 -2.9325485229492188e-05 364
1732020788290 -2.9325485229492188e-05 365
1732020788312 -2.956390380859375e-05 366
1732020788333 -2.9325485229492188e-05 367
1732020788359 -2.968311309814453e-05 368
1732020788384 -2.968311309814453e-05 369
1732020788408 -2.9802322387695312e-05 370
1732020788431 -3.0040740966796875e-05 371
1732020788453 -2.9802322387695312e-05 372
1732020788475 -3.0159950256347656e-05 373
1732020788497 -3.0159950256347656e-05 374
1732020788520 -3.0279159545898438e-05 375
1732020788543 -3.0517578125e-05 376
1732020788568 -3.0279159545898438e-05 377
1732020788593 -3.0517578125e-05 378
1732020788617 -3.0517578125e-05 379
1732020788639 -3.0994415283203125e-05 380
1732020788662 -3.075599670410156e-05 381
1732020788685 -3.0994415283203125e-05 382
1732020788706 -3.0875205993652344e-05 383
1732020788729 -3.1113624572753906e-05 384
1732020788751 -3.123283386230469e-05 385
1732020788775 -3.147125244140625e-05 386
1732020788796 -3.135204315185547e-05 387
1732020788820 -3.147125244140625e-05 388
1732020788845 -3.159046173095703e-05 389
1732020788879 -3.170967102050781e-05 390
1732020788913 -3.1948089599609375e-05 391
1732020788947 -3.1948089599609375e-05 392
1732020788982 -3.2067298889160156e-05 393
1732020789006 -3.218650817871094e-05 394
1732020789033 -3.230571746826172e-05 395
1732020789057 -3.230571746826172e-05 396
1732020789082 -3.254413604736328e-05 397
1732020789105 -3.266334533691406e-05 398
1732020789129 -3.254413604736328e-05 399
1732020789152 -3.2782554626464844e-05 400
1732020789175 -3.3020973205566406e-05 401
1732020789197 -3.3020973205566406e-05 402
1732020789221 -3.314018249511719e-05 403
1732020789244 -3.337860107421875e-05 404
1732020789268 -3.337860107421875e-05 405
1732020789291 -3.361701965332031e-05 406
1732020789316 -3.349781036376953e-05 407
1732020789338 -3.3736228942871094e-05 408
1732020789360 -3.3855438232421875e-05 409
1732020789382 -3.3974647521972656e-05 410
1732020789405 -3.421306610107422e-05 411
1732020789428 -3.409385681152344e-05 412
1732020789451 -3.4332275390625e-05 413
1732020789476 -3.457069396972656e-05 414
1732020789500 -3.457069396972656e-05 415
1732020789525 -3.4809112548828125e-05 416
1732020789547 -3.4809112548828125e-05 417
1732020789569 -3.504753112792969e-05 418
1732020789592 -3.504753112792969e-05 419
1732020789615 -3.528594970703125e-05 420
1732020789635 -3.540515899658203e-05 421
1732020789658 -3.5643577575683594e-05 422
1732020789680 -3.552436828613281e-05 423
1732020789701 -3.5881996154785156e-05 424
1732020789725 -3.5881996154785156e-05 425
1732020789748 -3.600120544433594e-05 426
1732020789770 -3.62396240234375e-05 427
1732020789792 -3.62396240234375e-05 428
1732020789815 -3.6597251892089844e-05 429
1732020789838 -3.6597251892089844e-05 430
1732020789860 -3.6716461181640625e-05 431
1732020789881 -3.719329833984375e-05 432
1732020789904 -3.695487976074219e-05 433
1732020789927 -3.719329833984375e-05 434
1732020789951 -3.743171691894531e-05 435
1732020789980 -3.743171691894531e-05 436
1732020790005 -3.7670135498046875e-05 437
1732020790032 -3.790855407714844e-05 438
1732020790060 -3.814697265625e-05 439
1732020790087 -3.802776336669922e-05 440
1732020790111 -3.826618194580078e-05 441
1732020790134 -3.8504600524902344e-05 442
1732020790158 -3.8504600524902344e-05 443
1732020790182 -3.886222839355469e-05 444
1732020790207 -3.910064697265625e-05 445
1732020790230 -3.910064697265625e-05 446
1732020790252 -3.933906555175781e-05 447
1732020790277 -3.933906555175781e-05 448
1732020790300 -3.981590270996094e-05 449
1732020790320 -3.981590270996094e-05 450
1732020790343 -3.993511199951172e-05 451
1732020790366 -4.017353057861328e-05 452
1732020790388 -4.029273986816406e-05 453
1732020790409 -4.0650367736816406e-05 454
1732020790434 -4.0650367736816406e-05 455
1732020790458 -4.100799560546875e-05 456
1732020790482 -4.112720489501953e-05 457
1732020790505 -4.124641418457031e-05 458
1732020790530 -4.1604042053222656e-05 459
1732020790553 -4.172325134277344e-05 460
1732020790576 -4.172325134277344e-05 461
1732020790597 -4.208087921142578e-05 462
1732020790620 -4.2319297790527344e-05 463
1732020790643 -4.2438507080078125e-05 464
1732020790666 -4.279613494873047e-05 465
1732020790687 -4.291534423828125e-05 466
1732020790710 -4.315376281738281e-05 467
1732020790732 -4.3272972106933594e-05 468
1732020790752 -4.363059997558594e-05 469
1732020790777 -4.38690185546875e-05 470
1732020790807 -4.398822784423828e-05 471
1732020790831 -4.4226646423339844e-05 472
1732020790853 -4.458427429199219e-05 473
1732020790875 -4.470348358154297e-05 474
1732020790899 -4.482269287109375e-05 475
1732020790923 -4.5180320739746094e-05 476
1732020790946 -4.553794860839844e-05 477
1732020790967 -4.565715789794922e-05 478
1732020790992 -4.589557647705078e-05 479
1732020791017 -4.6253204345703125e-05 480
1732020791043 -4.661083221435547e-05 481
1732020791068 -4.673004150390625e-05 482
1732020791090 -4.7087669372558594e-05 483
1732020791116 -4.7206878662109375e-05 484
1732020791145 -4.76837158203125e-05 485
1732020791171 -4.792213439941406e-05 486
1732020791195 -4.8160552978515625e-05 487
1732020791225 -4.851818084716797e-05 488
1732020791252 -4.887580871582031e-05 489
1732020791277 -4.9233436584472656e-05 490
1732020791301 -4.947185516357422e-05 491
1732020791323 -4.982948303222656e-05 492
1732020791346 -5.0187110900878906e-05 493
1732020791369 -5.066394805908203e-05 494
1732020791394 -5.0902366638183594e-05 495
1732020791419 -5.14984130859375e-05 496
1732020791444 -5.1975250244140625e-05 497
1732020791468 -5.221366882324219e-05 498
1732020791493 -5.2928924560546875e-05 499
1732020791517 -5.328655242919922e-05 500
1732020791543 -5.4001808166503906e-05 501
1732020791575 -5.4836273193359375e-05 502
1732020791598 -5.555152893066406e-05 503
1732020791618 -5.6862831115722656e-05 504
1732020791642 -5.900859832763672e-05 505
1732020791667 -5.066394805908203e-05 506
1732020791691 -4.4465065002441406e-05 507
1732020791713 -4.482269287109375e-05 508
1732020791736 -4.5299530029296875e-05 509
1732020791761 -4.553794860839844e-05 510
1732020791785 -4.601478576660156e-05 511
1732020791808 -4.6253204345703125e-05 512
1732020791831 -4.673004150390625e-05 513
1732020791854 -4.696846008300781e-05 514
1732020791876 -4.744529724121094e-05 515
1732020791897 -4.780292510986328e-05 516
1732020791920 -4.8041343688964844e-05 517
1732020791942 -4.863739013671875e-05 518
1732020791964 -4.8995018005371094e-05 519
1732020791986 -4.947185516357422e-05 520
1732020792009 -4.982948303222656e-05 521
1732020792032 -5.0067901611328125e-05 522
1732020792053 -5.054473876953125e-05 523
1732020792077 -5.1021575927734375e-05 524
1732020792100 -5.14984130859375e-05 525
1732020792122 -5.1975250244140625e-05 526
1732020792143 -5.233287811279297e-05 527
1732020792166 -5.2809715270996094e-05 528
1732020792188 -5.316734313964844e-05 529
1732020792209 -5.364418029785156e-05 530
1732020792232 -5.424022674560547e-05 531
1732020792255 -5.4717063903808594e-05 532
1732020792278 -5.507469177246094e-05 533
1732020792303 -5.555152893066406e-05 534
1732020792329 -5.602836608886719e-05 535
1732020792353 -5.6743621826171875e-05 536
1732020792375 -5.710124969482422e-05 537
1732020792396 -5.7578086853027344e-05 538
1732020792421 -5.817413330078125e-05 539
1732020792446 -5.8650970458984375e-05 540
1732020792469 -5.924701690673828e-05 541
1732020792490 -5.9723854064941406e-05 542
1732020792512 -6.031990051269531e-05 543
1732020792537 -6.091594696044922e-05 544
1732020792560 -6.151199340820312e-05 545
1732020792581 -6.186962127685547e-05 546
1732020792610 -6.270408630371094e-05 547
1732020792634 -6.330013275146484e-05 548
1732020792656 -6.377696990966797e-05 549
1732020792678 -6.437301635742188e-05 550
1732020792700 -6.508827209472656e-05 551
1732020792723 -6.580352783203125e-05 552
1732020792745 -6.628036499023438e-05 553
1732020792766 -6.699562072753906e-05 554
1732020792791 -6.771087646484375e-05 555
1732020792815 -6.842613220214844e-05 556
1732020792838 -6.914138793945312e-05 557
1732020792859 -6.961822509765625e-05 558
1732020792882 -7.05718994140625e-05 559
1732020792904 -7.104873657226562e-05 560
1732020792926 -7.200241088867188e-05 561
1732020792947 -7.271766662597656e-05 562
1732020792970 -7.343292236328125e-05 563
1732020792993 -7.43865966796875e-05 564
1732020793013 -7.486343383789062e-05 565
1732020793037 -7.605552673339844e-05 566
1732020793060 -7.653236389160156e-05 567
1732020793083 -7.748603820800781e-05 568
1732020793112 -7.843971252441406e-05 569
1732020793133 -7.915496826171875e-05 570
1732020793159 -8.0108642578125e-05 571
1732020793183 -8.106231689453125e-05 572
1732020793211 -8.177757263183594e-05 573
1732020793234 -8.296966552734375e-05 574
1732020793261 -8.380413055419922e-05 575
1732020793287 -8.475780487060547e-05 576
1732020793314 -8.571147918701172e-05 577
1732020793341 -8.690357208251953e-05 578
1732020793368 -8.7738037109375e-05 579
1732020793393 -8.893013000488281e-05 580
1732020793419 -8.988380432128906e-05 581
1732020793447 -9.107589721679688e-05 582
1732020793472 -9.202957153320312e-05 583
1732020793503 -9.334087371826172e-05 584
1732020793528 -9.453296661376953e-05 585
1732020793556 -9.548664093017578e-05 586
1732020793580 -2.9802322387695312e-06 587
1732020793610 0.0 588
