1732020779367 2e-05 0
1732020779392 0.09728462249040604 1
1732020779428 0.13218985497951508 2
1732020779473 0.13083504140377045 3
1732020779505 0.09570915997028351 4
1732020779534 0.044208917766809464 5
1732020779577 0.04544321447610855 6
1732020779607 0.04498272389173508 7
1732020779651 0.04632898420095444 8
1732020779681 0.04761631041765213 9
1732020779709 0.0489475354552269 10
1732020779737 0.050712376832962036 11
1732020779768 0.05150734260678291 12
1732020779802 0.05048498883843422 13
1732020779838 0.0520552434027195 14
1732020779870 0.05379723384976387 15
1732020779900 0.05523686856031418 16
1732020779927 0.05617924779653549 17
1732020779953 0.05832875519990921 18
1732020779976 0.06081600487232208 19
1732020780001 0.06377509981393814 20
1732020780025 0.0674525648355484 21
1732020780049 0.07114331424236298 22
1732020780071 0.05449861288070679 23
1732020780095 0.05614074319601059 24
1732020780118 0.05810084939002991 25
1732020780141 0.06033114716410637 26
1732020780165 0.06293744593858719 27
1732020780189 0.06615477055311203 28
1732020780213 0.06257302314043045 29
1732020780238 0.046491269022226334 30
1732020780265 0.041618671268224716 31
1732020780287 0.04172944277524948 32
1732020780313 0.0429169200360775 33
1732020780336 0.04288940504193306 34
1732020780366 0.03532106801867485 35
1732020780394 0.0318843275308609 36
1732020780419 0.03236476704478264 37
1732020780444 0.03286450356245041 38
1732020780468 0.03338491544127464 39
1732020780493 0.033927466720342636 40
1732020780517 0.034493785351514816 41
1732020780540 0.03508559986948967 42
1732020780562 0.03570497781038284 43
1732020780585 0.03548792749643326 44
1732020780608 0.029098553583025932 45
1732020780630 0.02903381735086441 46
1732020780651 0.028580250218510628 47
1732020780675 0.028943026438355446 48
1732020780698 0.02932467684149742 49
1732020780720 0.029727771878242493 50
1732020780744 0.03015533648431301 51
1732020780767 0.030611315742135048 52
1732020780788 0.031100885942578316 53
1732020780816 0.03163103386759758 54
1732020780841 0.030691510066390038 55
1732020780865 0.03129040449857712 56
1732020780888 0.03197794407606125 57
1732020780913 0.03279784694314003 58
1732020780937 0.03384139761328697 59
1732020780961 0.03536215052008629 60
1732020780986 0.030679738149046898 61
1732020781013 0.0308658666908741 62
1732020781038 0.02695031650364399 63
1732020781061 0.026974797248840332 64
1732020781085 0.027322329580783844 65
1732020781109 0.02768666110932827 66
1732020781135 0.028069205582141876 67
1732020781159 0.028471367433667183 68
1732020781181 0.02889488823711872 69
1732020781209 0.029341552406549454 70
1732020781234 0.029813632369041443 71
1732020781260 0.02780771255493164 72
1732020781284 0.0281144380569458 73
1732020781310 0.028507953509688377 74
1732020781341 0.02892325073480606 75
1732020781366 0.029362699016928673 76
1732020781393 0.029828675091266632 77
1732020781417 0.030323999002575874 78
1732020781442 0.030852094292640686 79
1732020781463 0.03141672909259796 80
1732020781486 0.03202256187796593 81
1732020781510 0.03267499431967735 82
1732020781533 0.03338061273097992 83
1732020781555 0.03301451727747917 84
1732020781578 0.03374824300408363 85
1732020781603 0.03455004096031189 86
1732020781627 0.035428330302238464 87
1732020781650 0.036396920680999756 88
1732020781674 0.03747359663248062 89
1732020781699 0.038681790232658386 90
1732020781722 0.04005351662635803 91
1732020781752 0.041256118565797806 92
1732020781784 0.03877608850598335 93
1732020781813 0.037493690848350525 94
1732020781844 0.035971298813819885 95
1732020781870 0.03703056275844574 96
1732020781895 0.03822825849056244 97
1732020781924 0.03740150108933449 98
1732020781950 0.03849371150135994 99
1732020781975 0.040300194174051285 100
1732020781997 0.04271715506911278 101
1732020782022 0.04222109913825989 102
1732020782046 0.03131132200360298 103
1732020782069 0.023151380941271782 104
1732020782092 0.023755326867103577 105
1732020782113 0.02442728728055954 106
1732020782137 0.025187062099575996 107
1732020782164 0.026056164875626564 108
1732020782190 0.027064450085163116 109
1732020782216 0.028255045413970947 110
1732020782241 0.029693081974983215 111
1732020782265 0.0314837247133255 112
1732020782290 0.03381296992301941 113
1732020782316 0.037057098001241684 114
1732020782341 0.042176973074674606 115
1732020782364 0.03524917736649513 116
1732020782387 0.007770862430334091 117
1732020782412 0.0078133475035429 118
1732020782437 0.007857256568968296 119
1732020782460 0.00790252722799778 120
1732020782483 0.007949414663016796 121
1732020782510 0.007997979409992695 122
1732020782535 0.008048344403505325 123
1732020782561 0.008100703358650208 124
1732020782587 0.002650865353643894 125
1732020782612 0.001968997996300459 126
1732020782636 0.0019718825351446867 127
1732020782661 0.001974638318642974 128
1732020782690 0.0019774625543504953 129
1732020782715 0.0019803636241704226 130
1732020782738 0.0019831229001283646 131
1732020782762 0.0019860006868839264 132
1732020782786 0.001988854957744479 133
1732020782810 0.001991754164919257 134
1732020782834 0.001994635444134474 135
1732020782858 0.0019974696915596724 136
1732020782879 0.002000379143282771 137
1732020782904 0.0020032571628689766 138
1732020782929 0.0020061947870999575 139
1732020782953 0.0020090837497264147 140
1732020782975 0.002012028591707349 141
1732020783001 0.0020149012561887503 142
1732020783025 0.0020178912673145533 143
1732020783049 0.0020207606721669436 144
1732020783074 0.0020237574353814125 145
1732020783098 0.0020266552455723286 146
1732020783127 0.0020296634174883366 147
1732020783154 0.002032636431977153 148
1732020783177 0.0020355992019176483 149
1732020783199 0.0020385836251080036 150
1732020783220 0.0020415775943547487 151
1732020783244 0.0020445596892386675 152
1732020783267 0.0020475410856306553 153
1732020783287 0.0020505923312157393 154
1732020783310 0.0020536279771476984 155
1732020783333 0.002056631026789546 156
1732020783354 0.0020596834365278482 157
1732020783375 0.002062752842903137 158
1732020783398 0.0020657686982303858 159
1732020783420 0.0020688779186457396 160
1732020783441 0.002071933588013053 161
1732020783464 0.0020750209223479033 162
1732020783486 0.002078103367239237 163
1732020783509 0.0020812347065657377 164
1732020783530 0.002084285020828247 165
1732020783556 0.0020874254405498505 166
1732020783580 0.002090576570481062 167
1732020783602 0.002093695802614093 168
1732020783624 0.0020968648605048656 169
1732020783647 0.002099996665492654 170
1732020783669 0.002103186910971999 171
1732020783690 0.002106347354128957 172
1732020783712 0.0021095052361488342 173
1732020783735 0.002112712012603879 174
1732020783759 0.0021159325260668993 175
1732020783781 0.0021191327832639217 176
1732020783805 0.0021223619114607573 177
1732020783829 0.0021255884785205126 178
1732020783851 0.0021288152784109116 179
1732020783872 0.002132088178768754 180
1732020783895 0.0021353429183363914 181
1732020783920 0.0021386174485087395 182
1732020783943 0.00214192783460021 183
1732020783964 0.002145207254216075 184
1732020783987 0.002148551167920232 185
1732020784011 0.0021518508438020945 186
1732020784034 0.0021551307290792465 187
1732020784056 0.0021584804635494947 188
1732020784079 0.00216185231693089 189
1732020784101 0.0021652053110301495 190
1732020784125 0.002168580424040556 191
1732020784147 0.0021719513460993767 192
1732020784169 0.002175374887883663 193
1732020784191 0.002178776543587446 194
1732020784212 0.0021821751724928617 195
1732020784235 0.002185626421123743 196
1732020784259 0.002189051592722535 197
1732020784282 0.0021924953907728195 198
1732020784304 0.0021959810983389616 199
1732020784327 0.0021995040588080883 200
1732020784350 0.0022029990795999765 201
1732020784373 0.002206485252827406 202
1732020784396 0.0022100016940385103 203
1732020784419 0.0022135518956929445 204
1732020784442 0.0022170899901539087 205
1732020784463 0.0022206385619938374 206
1732020784486 0.0022242434788495302 207
1732020784510 0.0022278139367699623 208
1732020784535 0.002231420250609517 209
1732020784557 0.002235043328255415 210
1732020784580 0.0022386969067156315 211
1732020784602 0.0022423153277486563 212
1732020784624 0.0022459556348621845 213
1732020784646 0.0022496457677334547 214
1732020784669 0.0022533428855240345 215
1732020784691 0.002257043495774269 216
1732020784715 0.002260753186419606 217
1732020784743 0.0022644889540970325 218
1732020784769 0.002268221927806735 219
1732020784792 0.0020155871752649546 220
1732020784816 0.001994522986933589 221
1732020784842 0.0019983421079814434 222
1732020784864 0.002002195455133915 223
1732020784887 0.002006114460527897 224
1732020784909 0.0020100069232285023 225
1732020784938 0.0020139121916145086 226
1732020784962 0.0020178258419036865 227
1732020784986 0.0020218410063534975 228
1732020785012 0.0020258238073438406 229
1732020785037 0.002029836643487215 230
1732020785060 0.002033923054113984 231
1732020785083 0.0020379582419991493 232
1732020785107 0.002042063744738698 233
1732020785131 0.002046184614300728 234
1732020785153 0.002050347626209259 235
1732020785174 0.0020545125007629395 236
1732020785201 0.0020586992613971233 237
1732020785229 0.0020629726350307465 238
1732020785254 0.002067218767479062 239
1732020785277 0.0020714965648949146 240
1732020785299 0.002075814176350832 241
1732020785328 0.002080145524814725 242
1732020785352 0.0020845201797783375 243
1732020785374 0.0020889530424028635 244
1732020785397 0.002093350747600198 245
1732020785421 0.00209780503064394 246
1732020785446 0.002102306578308344 247
1732020785472 0.0021068232599645853 248
1732020785496 0.002111417008563876 249
1732020785518 0.002116007963195443 250
1732020785542 0.0021205972880125046 251
1732020785565 0.0021252757869660854 252
1732020785588 0.002129938220605254 253
1732020785612 0.0021346164867281914 254
1732020785635 0.002139410935342312 255
1732020785660 0.0021441683638840914 256
1732020785684 0.002148998435586691 257
1732020785708 0.002153869019821286 258
1732020785735 0.0021586900111287832 259
1732020785759 0.0021636432502418756 260
1732020785784 0.0021686209365725517 261
1732020785809 0.002173630753532052 262
1732020785834 0.002178658964112401 263
1732020785858 0.0021837097592651844 264
1732020785882 0.0021887929178774357 265
1732020785904 0.002193980850279331 266
1732020785927 0.0021991210523992777 267
1732020785948 0.0022043685894459486 268
1732020785971 0.0022096203174442053 269
1732020785994 0.002214944688603282 270
1732020786018 0.002220268826931715 271
1732020786045 0.002225623233243823 272
1732020786067 0.002231016755104065 273
1732020786092 0.0022365227341651917 274
1732020786116 0.00224201288074255 275
1732020786140 0.002247600583359599 276
1732020786163 0.0022531740833073854 277
1732020786186 0.0022588062565773726 278
1732020786208 0.002264467068016529 279
1732020786237 0.0022702577989548445 280
1732020786271 0.002276021521538496 281
1732020786305 0.002281822729855776 282
1732020786340 0.0022876947186887264 283
1732020786366 0.0022936342284083366 284
1732020786391 0.002299622166901827 285
1732020786413 0.0023056180216372013 286
1732020786437 0.002311686985194683 287
1732020786461 0.002317768521606922 288
1732020786484 0.0023239566944539547 289
1732020786508 0.002330204239115119 290
1732020786531 0.0023364361841231585 291
1732020786556 0.002342755440622568 292
1732020786580 0.0023491536267101765 293
1732020786604 0.002355640521273017 294
1732020786628 0.0023621146101504564 295
1732020786652 0.002368616871535778 296
1732020786677 0.0023752357810735703 297
1732020786700 0.00238188193179667 298
1732020786723 0.0023886060807853937 299
1732020786746 0.002395366318523884 300
1732020786769 0.0024022168945521116 301
1732020786791 0.002409128239378333 302
1732020786812 0.0024161420296877623 303
1732020786834 0.0024231390561908484 304
1732020786857 0.00243026833049953 305
1732020786878 0.002437393646687269 306
1732020786900 0.0024445774033665657 307
1732020786923 0.0024519208818674088 308
1732020786946 0.00245928973890841 309
1732020786967 0.002466726116836071 310
1732020786990 0.0024742158129811287 311
1732020787013 0.002481743460521102 312
1732020787036 0.0024893968366086483 313
1732020787057 0.002497140783816576 314
1732020787081 0.002263016300275922 315
1732020787106 0.001913587562739849 316
1732020787130 0.0019159880466759205 317
1732020787153 0.0019184458069503307 318
1732020787178 0.0019208494341000915 319
1732020787203 0.0019233312923461199 320
1732020787228 0.001925785094499588 321
1732020787250 0.001928228884935379 322
1732020787273 0.0019307024776935577 323
1732020787298 0.0019332420779392123 324
1732020787323 0.0019357107812538743 325
1732020787347 0.0019382593454793096 326
1732020787369 0.001940767397172749 327
1732020787395 0.0019433234119787812 328
1732020787420 0.0019458821043372154 329
1732020787444 0.0019484041258692741 330
1732020787468 0.0019509883131831884 331
1732020787492 0.0019535718020051718 332
1732020787518 0.0019561348017305136 333
1732020787542 0.00195876182988286 334
1732020787565 0.0019613844342529774 335
1732020787589 0.0019640461541712284 336
1732020787612 0.0019666438456624746 337
1732020787636 0.0019692794885486364 338
1732020787660 0.001971959602087736 339
1732020787682 0.001974639017134905 340
1732020787707 0.0019773005042225122 341
1732020787731 0.001980065368115902 342
1732020787755 0.001982765970751643 343
1732020787780 0.001985547598451376 344
1732020787803 0.0019882263150066137 345
1732020787834 0.001990979304537177 346
1732020787866 0.0019937953911721706 347
1732020787890 0.001996555831283331 348
1732020787917 0.001999353291466832 349
1732020787945 0.002002130961045623 350
1732020787971 0.0020049759186804295 351
1732020787994 0.0020078211091458797 352
1732020788019 0.002010677708312869 353
1732020788042 0.0020135333761572838 354
1732020788063 0.0020164104644209146 355
1732020788084 0.0020192863885313272 356
1732020788110 0.0020222258754074574 357
1732020788134 0.0020251013338565826 358
1732020788156 0.002028064336627722 359
1732020788176 0.0020310361869633198 360
1732020788199 0.0020340168848633766 361
1732020788222 0.0020369754638522863 362
1732020788243 0.0020399405620992184 363
1732020788266 0.00204298784956336 364
1732020788288 0.0020460125524550676 365
1732020788310 0.0020490100141614676 366
1732020788331 0.0020521366968750954 367
1732020788357 0.002055162563920021 368
1732020788381 0.0020582734141498804 369
1732020788405 0.0020613570231944323 370
1732020788429 0.0020645069889724255 371
1732020788450 0.002067647874355316 372
1732020788473 0.002070800634101033 373
1732020788495 0.002073965035378933 374
1732020788517 0.002077185781672597 375
1732020788541 0.0020804128143936396 376
1732020788566 0.0020836100447922945 377
1732020788590 0.0020868894644081593 378
1732020788614 0.0020901367533951998 379
1732020788637 0.0020933954510837793 380
1732020788660 0.0020966948941349983 381
1732020788682 0.0021000015549361706 382
1732020788704 0.0021033475641161203 383
1732020788727 0.002106731990352273 384
1732020788749 0.002110081957653165 385
1732020788773 0.002113459398970008 386
1732020788794 0.0021168640814721584 387
1732020788818 0.002120288787409663 388
1732020788842 0.002123735612258315 389
1732020788876 0.0021272366866469383 390
1732020788910 0.0021307384595274925 391
1732020788944 0.0021342213731259108 392
1732020788980 0.0021377282682806253 393
1732020789004 0.0021412831265479326 394
1732020789031 0.002144866855815053 395
1732020789055 0.0021485162433236837 396
1732020789079 0.0021521004382520914 397
1732020789102 0.0021557093132287264 398
1732020789127 0.0021594022400677204 399
1732020789150 0.0021630735136568546 400
1732020789172 0.0021667657420039177 401
1732020789195 0.0021704656537622213 402
1732020789218 0.002174244960770011 403
1732020789242 0.0021780021488666534 404
1732020789265 0.0021818254608660936 405
1732020789289 0.002185636665672064 406
1732020789314 0.0021894637029618025 407
1732020789336 0.0021933610551059246 408
1732020789357 0.002197268884629011 409
1732020789380 0.0022011587861925364 410
1732020789403 0.0022050864063203335 411
1732020789425 0.002209044760093093 412
1732020789449 0.0022130629513412714 413
1732020789474 0.0022170899901539087 414
1732020789498 0.0022211086470633745 415
1732020789523 0.002225198782980442 416
1732020789544 0.0022293070796877146 417
1732020789567 0.002233436331152916 418
1732020789590 0.0022375567350536585 419
1732020789612 0.0022417656145989895 420
1732020789633 0.002245947951450944 421
1732020789656 0.0022502189967781305 422
1732020789678 0.002254517050459981 423
1732020789698 0.002258790424093604 424
1732020789723 0.0022630926687270403 425
1732020789746 0.002267494099214673 426
1732020789768 0.002271868521347642 427
1732020789790 0.0022762594744563103 428
1732020789813 0.0022807451896369457 429
1732020789835 0.002285240450873971 430
1732020789858 0.0022897133603692055 431
1732020789879 0.0022942996583878994 432
1732020789902 0.002298884792253375 433
1732020789925 0.0023035185877233744 434
1732020789947 0.002308174967765808 435
1732020789977 0.002312819706276059 436
1732020790003 0.00231751287356019 437
1732020790030 0.0023222875315696 438
1732020790057 0.0023270680103451014 439
1732020790084 0.00233192415907979 440
1732020790109 0.002336775651201606 441
1732020790131 0.0023416909389197826 442
1732020790156 0.0023466083221137524 443
1732020790180 0.00235160393640399 444
1732020790205 0.002356658922508359 445
1732020790227 0.0023616969119757414 446
1732020790250 0.0023668394424021244 447
1732020790275 0.0023719617165625095 448
1732020790298 0.002377158496528864 449
1732020790318 0.00238243886269629 450
1732020790341 0.0023876698687672615 451
1732020790364 0.0023929972667247057 452
1732020790386 0.002398404059931636 453
1732020790407 0.0024038299452513456 454
1732020790432 0.0024092691019177437 455
1732020790456 0.0024147797375917435 456
1732020790479 0.0024203446228057146 457
1732020790503 0.00242597796022892 458
1732020790528 0.002431651810184121 459
1732020790551 0.002437397139146924 460
1732020790573 0.002443157834932208 461
1732020790595 0.002448989311233163 462
1732020790618 0.00245489040389657 463
1732020790641 0.0024608662351965904 464
1732020790663 0.0024668783880770206 465
1732020790685 0.002472973195835948 466
1732020790707 0.0024790940806269646 467
1732020790729 0.0024853197392076254 468
1732020790750 0.002491603372618556 469
1732020790774 0.002497956156730652 470
1732020790805 0.0025043650530278683 471
1732020790828 0.0025108756963163614 472
1732020790851 0.002517435699701309 473
1732020790873 0.002524140989407897 474
1732020790897 0.002530888421460986 475
1732020790920 0.0025376875419169664 476
1732020790943 0.0025446268264204264 477
1732020790965 0.0025516636669635773 478
1732020790990 0.0025587561540305614 479
1732020791014 0.002566012553870678 480
1732020791041 0.002573310863226652 481
1732020791064 0.002580823376774788 482
1732020791088 0.0025883978232741356 483
1732020791113 0.0025961657520383596 484
1732020791142 0.002603985136374831 485
1732020791169 0.0026120205875486135 486
1732020791193 0.0026201927103102207 487
1732020791221 0.0026285636704415083 488
1732020791249 0.0026371513959020376 489
1732020791275 0.0026459689252078533 490
1732020791298 0.002654978772625327 491
1732020791321 0.002664310624822974 492
1732020791342 0.002673898823559284 493
1732020791367 0.0026838495396077633 494
1732020791392 0.0026941692922264338 495
1732020791417 0.0027050822973251343 496
1732020791442 0.002716445829719305 497
1732020791465 0.0027285730466246605 498
1732020791491 0.0027415293734520674 499
1732020791515 0.0027556496206671 500
1732020791541 0.0027713377494364977 501
1732020791572 0.0027891735080629587 502
1732020791595 0.0028103834483772516 503
1732020791616 0.0028376493137329817 504
1732020791640 0.0028782349545508623 505
1732020791665 0.002563442336395383 506
1732020791688 0.002515671541914344 507
1732020791711 0.002525428542867303 508
1732020791734 0.002535217208787799 509
1732020791759 0.0025451532565057278 510
1732020791783 0.0025551212020218372 511
1732020791806 0.002565215341746807 512
1732020791829 0.0025753621011972427 513
1732020791852 0.0025856143329292536 514
1732020791874 0.002595971804112196 515
1732020791895 0.002606382127851248 516
1732020791918 0.0026168767362833023 517
1732020791940 0.0026275187265127897 518
1732020791961 0.002638224046677351 519
1732020791984 0.002649013651534915 520
1732020792007 0.0026598982512950897 521
1732020792029 0.0026708669029176235 522
1732020792051 0.002681951504200697 523
1732020792075 0.002693183720111847 524
1732020792097 0.002704479033127427 525
1732020792120 0.00271592172794044 526
1732020792141 0.0027274067979305983 527
1732020792164 0.0027389866299927235 528
1732020792186 0.002750745741650462 529
1732020792207 0.002762557240203023 530
1732020792230 0.0027745324186980724 531
1732020792253 0.0027865967713296413 532
1732020792275 0.002798782428726554 533
1732020792299 0.0028110998682677746 534
1732020792327 0.0028235174249857664 535
1732020792351 0.0028360718861222267 536
1732020792373 0.0028487686067819595 537
1732020792394 0.0028615863993763924 538
1732020792419 0.002874446799978614 539
1732020792443 0.0028875384014099836 540
1732020792466 0.0029007410630583763 541
1732020792487 0.0029140962287783623 542
1732020792510 0.0029275412671267986 543
1732020792534 0.0029411599971354008 544
1732020792557 0.0029549102764576674 545
1732020792579 0.002968829357996583 546
1732020792608 0.0029828432016074657 547
1732020792632 0.0029970414470881224 548
1732020792654 0.0030114029068499804 549
1732020792675 0.0030258907936513424 550
1732020792698 0.0030406105797737837 551
1732020792721 0.003055425127968192 552
1732020792743 0.003070403356105089 553
1732020792764 0.0030855759978294373 554
1732020792789 0.0031009595841169357 555
1732020792813 0.0031164486426860094 556
1732020792835 0.0031321640126407146 557
1732020792857 0.0031480430625379086 558
1732020792880 0.003164116758853197 559
1732020792902 0.0031803431920707226 560
1732020792924 0.00319676473736763 561
1732020792945 0.0032134205102920532 562
1732020792968 0.0032302371691912413 563
1732020792990 0.0032473199535161257 564
1732020793011 0.0032645869068801403 565
1732020793035 0.0032820699270814657 566
1732020793058 0.0032997478265315294 567
1732020793081 0.003317655064165592 568
1732020793108 0.0033358256332576275 569
1732020793131 0.003354146145284176 570
1732020793157 0.003372764680534601 571
1732020793181 0.003391630481928587 572
1732020793207 0.0034107547253370285 573
1732020793230 0.003430094802752137 574
1732020793258 0.0034497117158025503 575
1732020793284 0.003469620831310749 576
1732020793312 0.0034897602163255215 577
1732020793337 0.003510167356580496 578
1732020793365 0.0035308997612446547 579
1732020793388 0.003551884088665247 580
1732020793416 0.0035732078831642866 581
1732020793444 0.0035948508884757757 582
1732020793470 0.0036167229991406202 583
1732020793501 0.003638964844867587 584
1732020793525 0.003661543130874634 585
1732020793554 0.0036844629794359207 586
1732020793577 0.00011498713865876198 587
1732020793606 0.0 588
