1732020779379 2.3304812908172607 0
1732020779404 2.3208913803100586 1
1732020779452 2.305373191833496 2
1732020779488 2.2831454277038574 3
1732020779519 2.2653424739837646 4
1732020779556 2.258910894393921 5
1732020779592 2.2518551349639893 6
1732020779623 2.246459484100342 7
1732020779666 2.2407033443450928 8
1732020779694 2.2345430850982666 9
1732020779722 2.2279229164123535 10
1732020779750 2.220761299133301 11
1732020779785 2.213101863861084 12
1732020779819 2.2056663036346436 13
1732020779855 2.1976571083068848 14
1732020779884 2.1889758110046387 15
1732020779912 2.179720163345337 16
1732020779940 2.170768976211548 17
1732020779965 2.161076068878174 18
1732020779988 2.15048885345459 19
1732020780012 2.1387877464294434 20
1732020780035 2.125648021697998 21
1732020780059 2.1105990409851074 22
1732020780083 2.1019039154052734 23
1732020780106 2.0933122634887695 24
1732020780128 2.084115743637085 25
1732020780153 2.07417368888855 26
1732020780177 2.063246011734009 27
1732020780201 2.0507900714874268 28
1732020780224 2.0387747287750244 29
1732020780250 2.0325613021850586 30
1732020780275 2.0270044803619385 31
1732020780301 2.02166748046875 32
1732020780324 2.016143321990967 33
1732020780347 2.010549306869507 34
1732020780380 2.0055770874023438 35
1732020780405 2.0009469985961914 36
1732020780429 1.9961984157562256 37
1732020780455 1.9913259744644165 38
1732020780480 1.9863234758377075 39
1732020780504 1.9811837673187256 40
1732020780527 1.9759002923965454 41
1732020780550 1.970463752746582 42
1732020780573 1.9648656845092773 43
1732020780595 1.958990454673767 44
1732020780618 1.9532763957977295 45
1732020780640 1.947475552558899 46
1732020780662 1.9418036937713623 47
1732020780686 1.9359400272369385 48
1732020780708 1.92987060546875 49
1732020780731 1.9235782623291016 50
1732020780754 1.9170429706573486 51
1732020780776 1.910241961479187 52
1732020780802 1.9031460285186768 53
1732020780830 1.8957196474075317 54
1732020780853 1.8884283304214478 55
1732020780874 1.8807406425476074 56
1732020780898 1.8725613355636597 57
1732020780925 1.8637547492980957 58
1732020780949 1.8540672063827515 59
1732020780973 1.8428009748458862 60
1732020780997 1.8336176872253418 61
1732020781024 1.8249619007110596 62
1732020781049 1.819850206375122 63
1732020781073 1.8152798414230347 64
1732020781097 1.8105766773223877 65
1732020781121 1.8057317733764648 66
1732020781145 1.8007357120513916 67
1732020781169 1.795576810836792 68
1732020781195 1.7902437448501587 69
1732020781221 1.7847225666046143 70
1732020781246 1.7789984941482544 71
1732020781271 1.7738107442855835 72
1732020781295 1.7686192989349365 73
1732020781324 1.7632619142532349 74
1732020781353 1.7577264308929443 75
1732020781381 1.7519991397857666 76
1732020781404 1.746065378189087 77
1732020781429 1.7399075031280518 78
1732020781452 1.7335069179534912 79
1732020781474 1.7268412113189697 80
1732020781497 1.719886064529419 81
1732020781520 1.7126127481460571 82
1732020781543 1.704987645149231 83
1732020781567 1.6976646184921265 84
1732020781589 1.6900358200073242 85
1732020781613 1.6820054054260254 86
1732020781638 1.6735256910324097 87
1732020781662 1.664539098739624 88
1732020781686 1.6549749374389648 89
1732020781709 1.6447464227676392 90
1732020781735 1.633740782737732 91
1732020781768 1.6219044923782349 92
1732020781797 1.6106476783752441 93
1732020781828 1.5996028184890747 94
1732020781857 1.589259147644043 95
1732020781883 1.578179121017456 96
1732020781910 1.566223382949829 97
1732020781937 1.554290771484375 98
1732020781961 1.5418524742126465 99
1732020781985 1.5278260707855225 100
1732020782010 1.5113403797149658 101
1732020782034 1.4948031902313232 102
1732020782057 1.4820815324783325 103
1732020782079 1.4773316383361816 104
1732020782102 1.4723377227783203 105
1732020782125 1.4670567512512207 106
1732020782150 1.461441993713379 107
1732020782176 1.4554338455200195 108
1732020782201 1.4489526748657227 109
1732020782227 1.441889762878418 110
1732020782252 1.434089183807373 111
1732020782278 1.4253116846084595 112
1732020782303 1.4151573181152344 113
1732020782327 1.40285062789917 114
1732020782351 1.3863493204116821 115
1732020782375 1.371307134628296 116
1732020782399 1.3707525730133057 117
1732020782424 1.3701896667480469 118
1732020782447 1.3696181774139404 119
1732020782471 1.3690376281738281 120
1732020782496 1.3684477806091309 121
1732020782523 1.3678481578826904 122
1732020782547 1.3672384023666382 123
1732020782573 1.3666179180145264 124
1732020782598 1.3664045333862305 125
1732020782624 1.3663053512573242 126
1732020782649 1.366206169128418 127
1732020782677 1.3661065101623535 128
1732020782702 1.3660067319869995 129
1732020782725 1.365906834602356 130
1732020782749 1.3658066987991333 131
1732020782774 1.3657063245773315 132
1732020782798 1.3656057119369507 133
1732020782821 1.3655048608779907 134
1732020782845 1.3654038906097412 135
1732020782868 1.3653026819229126 136
1732020782892 1.3652012348175049 137
1732020782915 1.3650996685028076 138
1732020782939 1.3649977445602417 139
1732020782963 1.3648957014083862 140
1732020782987 1.3647934198379517 141
1732020783013 1.3646910190582275 142
1732020783035 1.3645882606506348 143
1732020783060 1.364485263824463 144
1732020783086 1.3643821477890015 145
1732020783111 1.364278793334961 146
1732020783141 1.3641752004623413 147
1732020783164 1.3640713691711426 148
1732020783187 1.3639672994613647 149
1732020783209 1.3638629913330078 150
1732020783231 1.3637584447860718 151
1732020783254 1.3636537790298462 152
1732020783276 1.363548755645752 153
1732020783299 1.3634436130523682 154
1732020783320 1.3633382320404053 155
1732020783342 1.3632326126098633 156
1732020783364 1.363126516342163 157
1732020783386 1.3630205392837524 158
1732020783407 1.3629140853881836 159
1732020783430 1.3628075122833252 160
1732020783453 1.3627007007598877 161
1732020783473 1.362593650817871 162
1732020783496 1.3624862432479858 163
1732020783519 1.362378716468811 164
1732020783542 1.3622709512710571 165
1732020783566 1.3621628284454346 166
1732020783590 1.3620545864105225 167
1732020783613 1.3619459867477417 168
1732020783635 1.3618371486663818 169
1732020783656 1.3617281913757324 170
1732020783679 1.3616187572479248 171
1732020783701 1.3615092039108276 172
1732020783722 1.3613994121551514 173
1732020783746 1.361289381980896 174
1732020783770 1.3611788749694824 175
1732020783793 1.3610683679580688 176
1732020783815 1.3609575033187866 177
1732020783838 1.3608464002609253 178
1732020783861 1.3607349395751953 179
1732020783884 1.3606233596801758 180
1732020783906 1.3605114221572876 181
1732020783930 1.3603992462158203 182
1732020783953 1.3602867126464844 183
1732020783976 1.3601739406585693 184
1732020783997 1.3600609302520752 185
1732020784021 1.359947681427002 186
1732020784045 1.35983407497406 187
1732020784067 1.359720230102539 188
1732020784088 1.3596062660217285 189
1732020784113 1.3594915866851807 190
1732020784136 1.3593770265579224 191
1732020784157 1.3592619895935059 192
1732020784179 1.3591467142105103 193
1732020784201 1.3590312004089355 194
1732020784223 1.3589153289794922 195
1732020784244 1.3587990999221802 196
1732020784269 1.358682632446289 197
1732020784293 1.3585658073425293 198
1732020784316 1.3584487438201904 199
1732020784337 1.3583314418792725 200
1732020784361 1.3582137823104858 201
1732020784384 1.3580958843231201 202
1732020784407 1.3579776287078857 203
1732020784429 1.3578588962554932 204
1732020784452 1.3577399253845215 205
1732020784475 1.3576207160949707 206
1732020784496 1.3575010299682617 207
1732020784521 1.3573813438415527 208
1732020784545 1.3572611808776855 209
1732020784569 1.3571406602859497 210
1732020784589 1.3570196628570557 211
1732020784612 1.356898546218872 212
1732020784635 1.3567769527435303 213
1732020784657 1.3566551208496094 214
1732020784678 1.3565329313278198 215
1732020784701 1.3564103841781616 216
1732020784728 1.3562874794006348 217
1732020784757 1.3561642169952393 218
1732020784780 1.3560407161712646 219
1732020784802 1.3559595346450806 220
1732020784828 1.3558956384658813 221
1732020784853 1.3558316230773926 222
1732020784875 1.3557677268981934 223
1732020784896 1.3557037115097046 224
1732020784923 1.3556396961212158 225
1732020784949 1.3555755615234375 226
1732020784974 1.3555116653442383 227
1732020784999 1.35544753074646 228
1732020785023 1.3553833961486816 229
1732020785047 1.3553193807601929 230
1732020785071 1.3552552461624146 231
1732020785095 1.3551909923553467 232
1732020785118 1.3551268577575684 233
1732020785141 1.35506272315979 234
1732020785163 1.3549984693527222 235
1732020785186 1.3549342155456543 236
1732020785217 1.354870080947876 237
1732020785239 1.3548057079315186 238
1732020785264 1.3547415733337402 239
1732020785287 1.3546772003173828 240
1732020785313 1.354612946510315 241
1732020785340 1.354548692703247 242
1732020785361 1.3544842004776 243
1732020785384 1.3544199466705322 244
1732020785407 1.3543555736541748 245
1732020785434 1.3542912006378174 246
1732020785457 1.35422682762146 247
1732020785483 1.3541624546051025 248
1732020785507 1.3540980815887451 249
1732020785530 1.3540337085723877 250
1732020785553 1.3539693355560303 251
1732020785575 1.3539048433303833 252
1732020785599 1.3538403511047363 253
1732020785623 1.353775978088379 254
1732020785647 1.353711485862732 255
1732020785671 1.353646993637085 256
1732020785695 1.3535826206207275 257
1732020785723 1.353518009185791 258
1732020785747 1.353453516960144 259
1732020785772 1.353389024734497 260
1732020785795 1.3533246517181396 261
1732020785820 1.3532600402832031 262
1732020785845 1.3531955480575562 263
1732020785869 1.3531310558319092 264
1732020785893 1.3530665636062622 265
1732020785914 1.3530020713806152 266
1732020785937 1.3529376983642578 267
1732020785960 1.3528730869293213 268
1732020785982 1.3528085947036743 269
1732020786005 1.3527441024780273 270
1732020786031 1.3526794910430908 271
1732020786056 1.3526149988174438 272
1732020786080 1.3525505065917969 273
1732020786101 1.3524861335754395 274
1732020786126 1.352421522140503 275
1732020786151 1.3523571491241455 276
1732020786174 1.352292537689209 277
1732020786195 1.3522281646728516 278
1732020786221 1.352163553237915 279
1732020786251 1.3520991802215576 280
1732020786286 1.3520348072052002 281
1732020786321 1.3519703149795532 282
1732020786351 1.3519059419631958 283
1732020786377 1.3518414497375488 284
1732020786401 1.3517770767211914 285
1732020786425 1.351712703704834 286
1732020786449 1.3516483306884766 287
1732020786471 1.3515839576721191 288
1732020786494 1.3515195846557617 289
1732020786519 1.3514552116394043 290
1732020786544 1.351391077041626 291
1732020786566 1.3513267040252686 292
1732020786591 1.3512623310089111 293
1732020786616 1.3511981964111328 294
1732020786640 1.351133942604065 295
1732020786664 1.351069688796997 296
1732020786687 1.3510055541992188 297
1732020786711 1.3509414196014404 298
1732020786735 1.350877285003662 299
1732020786757 1.3508131504058838 300
1732020786778 1.3507490158081055 301
1732020786801 1.3506848812103271 302
1732020786823 1.350620985031128 303
1732020786844 1.3505569696426392 304
1732020786866 1.3504929542541504 305
1732020786889 1.3504290580749512 306
1732020786911 1.350365161895752 307
1732020786933 1.3503013849258423 308
1732020786956 1.3502376079559326 309
1732020786978 1.350173830986023 310
1732020786999 1.3501100540161133 311
1732020787023 1.3500462770462036 312
1732020787046 1.3499826192855835 313
1732020787069 1.349919080734253 314
1732020787091 1.349855899810791 315
1732020787116 1.3497941493988037 316
1732020787140 1.3497322797775269 317
1732020787166 1.3496702909469604 318
1732020787191 1.3496081829071045 319
1732020787214 1.349546194076538 320
1732020787238 1.3494840860366821 321
1732020787262 1.3494219779968262 322
1732020787286 1.3493596315383911 323
1732020787308 1.349297285079956 324
1732020787333 1.3492348194122314 325
1732020787357 1.3491723537445068 326
1732020787382 1.3491097688674927 327
1732020787407 1.3490471839904785 328
1732020787431 1.3489844799041748 329
1732020787455 1.348921775817871 330
1732020787480 1.3488588333129883 331
1732020787505 1.3487958908081055 332
1732020787528 1.3487329483032227 333
1732020787552 1.3486698865890503 334
1732020787577 1.348606824874878 335
1732020787601 1.3485435247421265 336
1732020787623 1.3484803438186646 337
1732020787647 1.348417043685913 338
1732020787671 1.348353624343872 339
1732020787694 1.348289966583252 340
1732020787719 1.3482264280319214 341
1732020787741 1.3481628894805908 342
1732020787767 1.3480991125106812 343
1732020787791 1.3480353355407715 344
1732020787819 1.3479714393615723 345
1732020787851 1.3479074239730835 346
1732020787878 1.3478434085845947 347
1732020787901 1.347779393196106 348
1732020787930 1.347715139389038 349
1732020787958 1.3476508855819702 350
1732020787982 1.3475865125656128 351
1732020788006 1.347522258758545 352
1732020788030 1.3474576473236084 353
1732020788051 1.3473930358886719 354
1732020788073 1.3473284244537354 355
1732020788096 1.3472635746002197 356
1732020788121 1.3471988439559937 357
1732020788143 1.3471338748931885 358
1732020788166 1.3470690250396729 359
1732020788188 1.3470039367675781 360
1732020788209 1.3469387292861938 361
1732020788231 1.3468735218048096 362
1732020788253 1.3468081951141357 363
1732020788277 1.346742868423462 364
1732020788298 1.346677303314209 365
1732020788320 1.346611738204956 366
1732020788343 1.3465461730957031 367
1732020788368 1.346480369567871 368
1732020788391 1.346414566040039 369
1732020788416 1.3463486433029175 370
1732020788439 1.346282720565796 371
1732020788461 1.3462164402008057 372
1732020788482 1.3461503982543945 373
1732020788505 1.3460841178894043 374
1732020788530 1.346017837524414 375
1732020788552 1.3459513187408447 376
1732020788576 1.3458847999572754 377
1732020788601 1.3458181619644165 378
1732020788625 1.345751404762268 379
1732020788648 1.3456846475601196 380
1732020788670 1.3456177711486816 381
1732020788693 1.345550775527954 382
1732020788715 1.345483660697937 383
1732020788736 1.3454164266586304 384
1732020788759 1.3453490734100342 385
1732020788783 1.345281720161438 386
1732020788806 1.3452142477035522 387
1732020788828 1.345146656036377 388
1732020788857 1.345078945159912 389
1732020788891 1.3450112342834473 390
1732020788927 1.3449432849884033 391
1732020788960 1.3448753356933594 392
1732020788992 1.3448072671890259 393
1732020789017 1.3447389602661133 394
1732020789041 1.3446707725524902 395
1732020789066 1.344602346420288 396
1732020789091 1.344533920288086 397
1732020789114 1.3444652557373047 398
1732020789136 1.3443965911865234 399
1732020789160 1.344327688217163 400
1732020789183 1.3442587852478027 401
1732020789206 1.3441896438598633 402
1732020789229 1.3441205024719238 403
1732020789252 1.3440511226654053 404
1732020789277 1.3439817428588867 405
1732020789302 1.3439123630523682 406
1732020789323 1.343842625617981 407
1732020789346 1.3437728881835938 408
1732020789369 1.343703031539917 409
1732020789391 1.3436331748962402 410
1732020789413 1.3435629606246948 411
1732020789436 1.3434927463531494 412
1732020789461 1.3434224128723145 413
1732020789486 1.34335196018219 414
1732020789508 1.3432812690734863 415
1732020789533 1.3432105779647827 416
1732020789555 1.343139886856079 417
1732020789578 1.3430688381195068 418
1732020789600 1.3429975509643555 419
1732020789622 1.3429265022277832 420
1732020789644 1.3428549766540527 421
1732020789665 1.3427834510803223 422
1732020789687 1.3427116870880127 423
1732020789710 1.3426399230957031 424
1732020789734 1.342568039894104 425
1732020789755 1.3424959182739258 426
1732020789779 1.342423677444458 427
1732020789802 1.3423513174057007 428
1732020789822 1.3422787189483643 429
1732020789845 1.3422060012817383 430
1732020789868 1.3421331644058228 431
1732020789890 1.3420600891113281 432
1732020789912 1.3419870138168335 433
1732020789935 1.3419137001037598 434
1732020789961 1.341840147972107 435
1732020789990 1.3417664766311646 436
1732020790016 1.3416926860809326 437
1732020790040 1.3416187763214111 438
1732020790068 1.341544508934021 439
1732020790095 1.3414701223373413 440
1732020790119 1.341395616531372 441
1732020790144 1.3413209915161133 442
1732020790168 1.3412461280822754 443
1732020790191 1.3411709070205688 444
1732020790215 1.3410956859588623 445
1732020790238 1.3410202264785767 446
1732020790261 1.340944528579712 447
1732020790285 1.3408687114715576 448
1732020790307 1.3407925367355347 449
1732020790330 1.3407161235809326 450
1732020790351 1.3406397104263306 451
1732020790373 1.3405629396438599 452
1732020790396 1.3404860496520996 453
1732020790420 1.3404088020324707 454
1732020790442 1.3403313159942627 455
1732020790465 1.3402537107467651 456
1732020790492 1.340175747871399 457
1732020790515 1.3400975465774536 458
1732020790539 1.3400192260742188 459
1732020790561 1.3399404287338257 460
1732020790584 1.3398613929748535 461
1732020790606 1.3397822380065918 462
1732020790628 1.3397027254104614 463
1732020790651 1.339622974395752 464
1732020790674 1.3395428657531738 465
1732020790696 1.339462399482727 466
1732020790717 1.3393816947937012 467
1732020790739 1.339300513267517 468
1732020790762 1.3392192125320435 469
1732020790792 1.339137315750122 470
1732020790815 1.3390552997589111 471
1732020790838 1.338972806930542 472
1732020790861 1.3388899564743042 473
1732020790885 1.3388066291809082 474
1732020790907 1.3387231826782227 475
1732020790931 1.3386390209197998 476
1732020790954 1.3385543823242188 477
1732020790977 1.3384695053100586 478
1732020791000 1.3383839130401611 479
1732020791027 1.3382980823516846 480
1732020791052 1.3382115364074707 481
1732020791076 1.3381246328353882 482
1732020791100 1.3380370140075684 483
1732020791126 1.3379489183425903 484
1732020791155 1.337860107421875 485
1732020791180 1.337770700454712 486
1732020791207 1.3376805782318115 487
1732020791235 1.3375896215438843 488
1732020791262 1.3374979496002197 489
1732020791286 1.3374054431915283 490
1732020791308 1.3373122215270996 491
1732020791331 1.3372178077697754 492
1732020791354 1.3371224403381348 493
1732020791379 1.3370258808135986 494
1732020791403 1.336928129196167 495
1732020791428 1.3368291854858398 496
1732020791452 1.336728572845459 497
1732020791478 1.3366262912750244 498
1732020791503 1.3365222215652466 499
1732020791526 1.3364157676696777 500
1732020791558 1.3363066911697388 501
1732020791583 1.336194396018982 502
1732020791605 1.3360776901245117 503
1732020791628 1.3359551429748535 504
1732020791651 1.335822343826294 505
1732020791675 1.335769772529602 506
1732020791699 1.335769772529602 507
1732020791722 1.335769772529602 508
1732020791745 1.335769772529602 509
1732020791769 1.335769772529602 510
1732020791793 1.335769772529602 511
1732020791817 1.335769772529602 512
1732020791839 1.335769772529602 513
1732020791861 1.335769772529602 514
1732020791884 1.335769772529602 515
1732020791906 1.335769772529602 516
1732020791927 1.335769772529602 517
1732020791949 1.335769772529602 518
1732020791973 1.335769772529602 519
1732020791995 1.335769772529602 520
1732020792017 1.335769772529602 521
1732020792040 1.335769772529602 522
1732020792063 1.335769772529602 523
1732020792084 1.335769772529602 524
1732020792107 1.335769772529602 525
1732020792130 1.335769772529602 526
1732020792152 1.335769772529602 527
1732020792173 1.335769772529602 528
1732020792196 1.335769772529602 529
1732020792219 1.335769772529602 530
1732020792240 1.335769772529602 531
1732020792262 1.335769772529602 532
1732020792286 1.335769772529602 533
1732020792313 1.335769772529602 534
1732020792339 1.335769772529602 535
1732020792360 1.335769772529602 536
1732020792383 1.335769772529602 537
1732020792406 1.335769772529602 538
1732020792431 1.335769772529602 539
1732020792453 1.335769772529602 540
1732020792476 1.335769772529602 541
1732020792499 1.335769772529602 542
1732020792520 1.335769772529602 543
1732020792545 1.335769772529602 544
1732020792567 1.335769772529602 545
1732020792594 1.335769772529602 546
1732020792620 1.335769772529602 547
1732020792641 1.335769772529602 548
1732020792663 1.335769772529602 549
1732020792686 1.335769772529602 550
1732020792709 1.335769772529602 551
1732020792730 1.335769772529602 552
1732020792753 1.335769772529602 553
1732020792776 1.335769772529602 554
1732020792800 1.335769772529602 555
1732020792823 1.335769772529602 556
1732020792845 1.335769772529602 557
1732020792868 1.335769772529602 558
1732020792889 1.335769772529602 559
1732020792911 1.335769772529602 560
1732020792934 1.335769772529602 561
1732020792956 1.335769772529602 562
1732020792978 1.335769772529602 563
1732020793000 1.335769772529602 564
1732020793023 1.335769772529602 565
1732020793045 1.335769772529602 566
1732020793068 1.335769772529602 567
1732020793095 1.335769772529602 568
1732020793120 1.335769772529602 569
1732020793146 1.335769772529602 570
1732020793167 1.335769772529602 571
1732020793195 1.335769772529602 572
1732020793219 1.335769772529602 573
1732020793247 1.335769772529602 574
1732020793271 1.335769772529602 575
1732020793299 1.335769772529602 576
1732020793322 1.335769772529602 577
1732020793351 1.335769772529602 578
1732020793375 1.335769772529602 579
1732020793402 1.335769772529602 580
1732020793429 1.335769772529602 581
1732020793456 1.335769772529602 582
1732020793483 1.335769772529602 583
1732020793512 1.335769772529602 584
1732020793539 1.335769772529602 585
1732020793564 1.335769772529602 586
1732020793592 1.335769772529602 587
1732020793619 1.335769772529602 588
