1732020779372 1.9227361679077148 0
1732020779397 1.9160029888153076 1
1732020779439 1.9046461582183838 2
1732020779478 1.895817756652832 3
1732020779510 1.896666169166565 4
1732020779541 1.8999377489089966 5
1732020779583 1.9030331373214722 6
1732020779613 1.9061005115509033 7
1732020779657 1.9089430570602417 8
1732020779686 1.911522626876831 9
1732020779714 1.9137892723083496 10
1732020779742 1.9157477617263794 11
1732020779775 1.9175268411636353 12
1732020779809 1.9202322959899902 13
1732020779844 1.922743797302246 14
1732020779876 1.9250452518463135 15
1732020779905 1.9271159172058105 16
1732020779932 1.9289213418960571 17
1732020779959 1.9304277896881104 18
1732020779981 1.9315826892852783 19
1732020780005 1.9323025941848755 20
1732020780029 1.932423710823059 21
1732020780053 1.9317430257797241 22
1732020780076 1.9333641529083252 23
1732020780099 1.9347478151321411 24
1732020780122 1.9358727931976318 25
1732020780146 1.9366921186447144 26
1732020780170 1.9371263980865479 27
1732020780193 1.937011480331421 28
1732020780218 1.9381606578826904 29
1732020780242 1.9409259557724 30
1732020780269 1.9428715705871582 31
1732020780294 1.9444043636322021 32
1732020780317 1.945887804031372 33
1732020780340 1.9472730159759521 34
1732020780372 1.948131799697876 35
1732020780398 1.9486372470855713 36
1732020780423 1.9490785598754883 37
1732020780449 1.9494543075561523 38
1732020780473 1.9497630596160889 39
1732020780498 1.950002670288086 40
1732020780521 1.9501712322235107 41
1732020780544 1.9502668380737305 42
1732020780566 1.950286865234375 43
1732020780589 1.9503298997879028 44
1732020780612 1.9499690532684326 45
1732020780634 1.949592113494873 46
1732020780655 1.949458360671997 47
1732020780680 1.9492844343185425 48
1732020780703 1.9490697383880615 49
1732020780725 1.9488123655319214 50
1732020780748 1.9485113620758057 51
1732020780771 1.9481651782989502 52
1732020780793 1.9477722644805908 53
1732020780822 1.9473308324813843 54
1732020780846 1.9472839832305908 55
1732020780869 1.9472131729125977 56
1732020780892 1.9471094608306885 57
1732020780917 1.9469735622406006 58
1732020780943 1.946805715560913 59
1732020780965 1.946608066558838 60
1732020780990 1.946333646774292 61
1732020781018 1.9460208415985107 62
1732020781043 1.9455347061157227 63
1732020781066 1.9449927806854248 64
1732020781089 1.9444055557250977 65
1732020781114 1.9437711238861084 66
1732020781139 1.9430880546569824 67
1732020781163 1.9423542022705078 68
1732020781187 1.94156813621521 69
1732020781213 1.9407273530960083 70
1732020781240 1.9398295879364014 71
1732020781264 1.9386829137802124 72
1732020781288 1.9374314546585083 73
1732020781316 1.936112403869629 74
1732020781347 1.9347214698791504 75
1732020781371 1.9332550764083862 76
1732020781397 1.9317078590393066 77
1732020781422 1.93007493019104 78
1732020781446 1.9283499717712402 79
1732020781468 1.9265257120132446 80
1732020781491 1.9245952367782593 81
1732020781514 1.9225490093231201 82
1732020781537 1.9203768968582153 83
1732020781559 1.918440818786621 84
1732020781582 1.9164180755615234 85
1732020781607 1.9142682552337646 86
1732020781632 1.9119771718978882 87
1732020781655 1.9095289707183838 88
1732020781679 1.9069037437438965 89
1732020781703 1.9040772914886475 90
1732020781727 1.9010193347930908 91
1732020781759 1.8976638317108154 92
1732020781790 1.894883394241333 93
1732020781820 1.892716407775879 94
1732020781849 1.8914947509765625 95
1732020781876 1.8902199268341064 96
1732020781901 1.8888907432556152 97
1732020781930 1.8879883289337158 98
1732020781954 1.8873754739761353 99
1732020781979 1.8867664337158203 100
1732020782003 1.8861730098724365 101
1732020782028 1.8853285312652588 102
1732020782050 1.8839895725250244 103
1732020782073 1.8820557594299316 104
1732020782096 1.8800498247146606 105
1732020782119 1.8779609203338623 106
1732020782142 1.8757801055908203 107
1732020782169 1.8734948635101318 108
1732020782195 1.8710908889770508 109
1732020782221 1.8685486316680908 110
1732020782246 1.8658421039581299 111
1732020782270 1.8629344701766968 112
1732020782294 1.85977041721344 113
1732020782320 1.8562567234039307 114
1732020782345 1.85220468044281 115
1732020782369 1.8493828773498535 116
1732020782392 1.8490906953811646 117
1732020782416 1.8487939834594727 118
1732020782441 1.8484928607940674 119
1732020782465 1.8481866121292114 120
1732020782490 1.8478755950927734 121
1732020782515 1.8475596904754639 122
1732020782539 1.8472387790679932 123
1732020782566 1.8469123840332031 124
1732020782592 1.846777081489563 125
1732020782617 1.8466949462890625 126
1732020782642 1.8466122150421143 127
1732020782666 1.8465290069580078 128
1732020782695 1.846445083618164 129
1732020782719 1.846360683441162 130
1732020782743 1.8462756872177124 131
1732020782767 1.8461902141571045 132
1732020782790 1.8461041450500488 133
1732020782815 1.846017599105835 134
1732020782839 1.8459303379058838 135
1732020782863 1.8458425998687744 136
1732020782884 1.8457541465759277 137
1732020782909 1.8456652164459229 138
1732020782933 1.8455756902694702 139
1732020782957 1.8454855680465698 140
1732020782980 1.8453949689865112 141
1732020783005 1.8453037738800049 142
1732020783029 1.8452117443084717 143
1732020783054 1.8451192378997803 144
1732020783079 1.8450261354446411 145
1732020783104 1.8449325561523438 146
1732020783131 1.844838261604309 147
1732020783158 1.8447434902191162 148
1732020783181 1.8446478843688965 149
1732020783204 1.8445518016815186 150
1732020783224 1.8444550037384033 151
1732020783248 1.8443577289581299 152
1732020783271 1.8442597389221191 153
1732020783293 1.8441612720489502 154
1732020783314 1.844062089920044 155
1732020783336 1.8439621925354004 156
1732020783358 1.8438618183135986 157
1732020783379 1.8437604904174805 158
1732020783402 1.8436589241027832 159
1732020783424 1.8435564041137695 160
1732020783446 1.8434534072875977 161
1732020783468 1.8433496952056885 162
1732020783490 1.8432453870773315 163
1732020783513 1.8431403636932373 164
1732020783534 1.8430347442626953 165
1732020783560 1.842928409576416 166
1732020783584 1.8428215980529785 167
1732020783607 1.8427138328552246 168
1732020783628 1.842605471611023 169
1732020783650 1.8424965143203735 170
1732020783673 1.8423869609832764 171
1732020783695 1.8422765731811523 172
1732020783716 1.842165470123291 173
1732020783739 1.8420538902282715 174
1732020783764 1.8419413566589355 175
1732020783786 1.8418282270431519 176
1732020783809 1.8417145013809204 177
1732020783833 1.8416001796722412 178
1732020783855 1.8414846658706665 179
1732020783876 1.8413689136505127 180
1732020783899 1.841252326965332 181
1732020783924 1.841135025024414 182
1732020783947 1.8410167694091797 183
1732020783968 1.840898036956787 184
1732020783991 1.8407785892486572 185
1732020784015 1.84065842628479 186
1732020784039 1.840537428855896 187
1732020784060 1.8404157161712646 188
1732020784083 1.8402931690216064 189
1732020784106 1.8401700258255005 190
1732020784130 1.8400461673736572 191
1732020784151 1.8399213552474976 192
1732020784173 1.8397959470748901 193
1732020784195 1.8396698236465454 194
1732020784216 1.8395428657531738 195
1732020784239 1.8394150733947754 196
1732020784263 1.8392865657806396 197
1732020784287 1.839157223701477 198
1732020784308 1.8390271663665771 199
1732020784331 1.8388962745666504 200
1732020784355 1.8387646675109863 201
1732020784378 1.838632345199585 202
1732020784400 1.8384989500045776 203
1732020784423 1.838365077972412 204
1732020784447 1.8382301330566406 205
1732020784469 1.8380944728851318 206
1732020784490 1.8379580974578857 207
1732020784514 1.8378207683563232 208
1732020784539 1.8376827239990234 209
1732020784562 1.8375438451766968 210
1732020784584 1.8374040126800537 211
1732020784606 1.8372633457183838 212
1732020784629 1.8371219635009766 213
1732020784650 1.836979627609253 214
1732020784673 1.836836576461792 215
1732020784695 1.8366925716400146 216
1732020784721 1.8365477323532104 217
1732020784749 1.836402177810669 218
1732020784773 1.836255431175232 219
1732020784797 1.8361380100250244 220
1732020784822 1.8360319137573242 221
1732020784847 1.8359252214431763 222
1732020784868 1.8358180522918701 223
1732020784891 1.835710048675537 224
1732020784914 1.8356013298034668 225
1732020784942 1.8354921340942383 226
1732020784967 1.835382103919983 227
1732020784990 1.8352714776992798 228
1732020785017 1.8351601362228394 229
1732020785041 1.8350481986999512 230
1732020785064 1.8349354267120361 231
1732020785089 1.834822177886963 232
1732020785111 1.8347082138061523 233
1732020785135 1.8345932960510254 234
1732020785157 1.8344779014587402 235
1732020785178 1.8343617916107178 236
1732020785207 1.834244966506958 237
1732020785233 1.8341273069381714 238
1732020785258 1.8340089321136475 239
1732020785281 1.8338899612426758 240
1732020785306 1.8337700366973877 241
1732020785333 1.8336496353149414 242
1732020785356 1.8335282802581787 243
1732020785378 1.8334062099456787 244
1732020785401 1.8332836627960205 245
1732020785426 1.8331600427627563 246
1732020785450 1.8330357074737549 247
1732020785477 1.8329105377197266 248
1732020785500 1.832784652709961 249
1732020785524 1.8326581716537476 250
1732020785546 1.8325304985046387 251
1732020785569 1.8324023485183716 252
1732020785593 1.8322733640670776 253
1732020785617 1.8321434259414673 254
1732020785639 1.8320128917694092 255
1732020785664 1.8318812847137451 256
1732020785689 1.8317489624023438 257
1732020785714 1.8316158056259155 258
1732020785741 1.83148193359375 259
1732020785764 1.8313469886779785 260
1732020785788 1.8312113285064697 261
1732020785813 1.8310749530792236 262
1732020785838 1.830937385559082 263
1732020785863 1.8307991027832031 264
1732020785886 1.8306598663330078 265
1732020785909 1.8305197954177856 266
1732020785931 1.8303790092468262 267
1732020785954 1.8302371501922607 268
1732020785975 1.830094337463379 269
1732020785998 1.8299506902694702 270
1732020786024 1.8298060894012451 271
1732020786049 1.829660415649414 272
1732020786071 1.8295140266418457 273
1732020786096 1.829366683959961 274
1732020786120 1.8292183876037598 275
1732020786144 1.829068899154663 276
1732020786168 1.8289185762405396 277
1732020786190 1.8287672996520996 278
1732020786212 1.8286151885986328 279
1732020786243 1.8284618854522705 280
1732020786277 1.8283076286315918 281
1732020786312 1.8281524181365967 282
1732020786345 1.8279961347579956 283
1732020786370 1.8278387784957886 284
1732020786395 1.8276803493499756 285
1732020786418 1.8275209665298462 286
1732020786441 1.8273606300354004 287
1732020786465 1.8271989822387695 288
1732020786489 1.8270364999771118 289
1732020786513 1.8268728256225586 290
1732020786535 1.8267080783843994 291
1732020786560 1.8265422582626343 292
1732020786585 1.8263752460479736 293
1732020786609 1.826207160949707 294
1732020786633 1.826037883758545 295
1732020786657 1.8258675336837769 296
1732020786681 1.8256961107254028 297
1732020786705 1.8255233764648438 298
1732020786729 1.8253495693206787 299
1732020786750 1.8251745700836182 300
1732020786773 1.8249982595443726 301
1732020786795 1.824820876121521 302
1732020786817 1.824642300605774 303
1732020786838 1.8244624137878418 304
1732020786861 1.8242812156677246 305
1732020786883 1.824098825454712 306
1732020786904 1.8239152431488037 307
1732020786927 1.82373046875 308
1732020786950 1.8235443830490112 309
1732020786972 1.8233568668365479 310
1732020786994 1.8231680393218994 311
1732020787017 1.8229780197143555 312
1732020787040 1.822786569595337 313
1732020787061 1.8225936889648438 314
1732020787085 1.822418212890625 315
1732020787110 1.8222973346710205 316
1732020787134 1.8221760988235474 317
1732020787159 1.8220545053482056 318
1732020787183 1.8219324350357056 319
1732020787208 1.821810007095337 320
1732020787232 1.8216872215270996 321
1732020787255 1.821563959121704 322
1732020787277 1.8214404582977295 323
1732020787302 1.8213164806365967 324
1732020787327 1.8211917877197266 325
1732020787351 1.821066975593567 326
1732020787375 1.8209415674209595 327
1732020787399 1.820815920829773 328
1732020787425 1.8206899166107178 329
1732020787449 1.8205630779266357 330
1732020787473 1.8204362392425537 331
1732020787497 1.820308804512024 332
1732020787522 1.820181131362915 333
1732020787546 1.8200528621673584 334
1732020787570 1.8199241161346436 335
1732020787594 1.8197948932647705 336
1732020787616 1.8196651935577393 337
1732020787640 1.819535255432129 338
1732020787665 1.8194048404693604 339
1732020787688 1.8192739486694336 340
1732020787711 1.8191425800323486 341
1732020787735 1.819010853767395 342
1732020787759 1.8188786506652832 343
1732020787785 1.8187459707260132 344
1732020787808 1.818612813949585 345
1732020787841 1.8184791803359985 346
1732020787871 1.8183451890945435 347
1732020787894 1.8182106018066406 348
1732020787923 1.8180756568908691 349
1732020787951 1.817940354347229 350
1732020787977 1.8178043365478516 351
1732020788000 1.8176679611206055 352
1732020788023 1.8175312280654907 353
1732020788045 1.8173937797546387 354
1732020788068 1.817256212234497 355
1732020788089 1.8171178102493286 356
1732020788114 1.816979169845581 357
1732020788138 1.8168398141860962 358
1732020788160 1.8167002201080322 359
1732020788181 1.8165600299835205 360
1732020788203 1.8164193630218506 361
1732020788226 1.816278100013733 362
1732020788248 1.8161365985870361 363
1732020788270 1.8159942626953125 364
1732020788292 1.8158516883850098 365
1732020788314 1.8157085180282593 366
1732020788336 1.8155648708343506 367
1732020788361 1.8154206275939941 368
1732020788386 1.8152759075164795 369
1732020788410 1.8151307106018066 370
1732020788433 1.8149850368499756 371
1732020788454 1.8148388862609863 372
1732020788477 1.8146921396255493 373
1732020788499 1.814544916152954 374
1732020788523 1.8143970966339111 375
1732020788545 1.81424880027771 376
1732020788570 1.8140997886657715 377
1732020788595 1.813950538635254 378
1732020788619 1.8138008117675781 379
1732020788641 1.813650131225586 380
1732020788664 1.8134992122650146 381
1732020788687 1.813347578048706 382
1732020788709 1.8131957054138184 383
1732020788731 1.8130428791046143 384
1732020788753 1.8128896951675415 385
1732020788777 1.8127360343933105 386
1732020788799 1.8125815391540527 387
1732020788822 1.8124268054962158 388
1732020788847 1.8122713565826416 389
1732020788882 1.8121154308319092 390
1732020788915 1.8119587898254395 391
1732020788950 1.8118016719818115 392
1732020788984 1.8116438388824463 393
1732020789008 1.8114855289459229 394
1732020789035 1.811326503753662 395
1732020789059 1.8111672401428223 396
1732020789084 1.811007022857666 397
1732020789107 1.8108463287353516 398
1732020789131 1.8106849193572998 399
1732020789154 1.8105231523513794 400
1732020789177 1.8103606700897217 401
1732020789199 1.8101975917816162 402
1732020789223 1.8100337982177734 403
1732020789246 1.8098692893981934 404
1732020789271 1.8097045421600342 405
1732020789293 1.8095388412475586 406
1732020789318 1.8093726634979248 407
1732020789340 1.8092057704925537 408
1732020789363 1.8090384006500244 409
1732020789384 1.8088701963424683 410
1732020789407 1.808701515197754 411
1732020789430 1.8085319995880127 412
1732020789454 1.8083620071411133 413
1732020789478 1.8081910610198975 414
1732020789502 1.8080198764801025 415
1732020789527 1.8078477382659912 416
1732020789549 1.8076748847961426 417
1732020789571 1.8075015544891357 418
1732020789594 1.8073275089263916 419
1732020789617 1.8071526288986206 420
1732020789637 1.8069772720336914 421
1732020789660 1.8068010807037354 422
1732020789682 1.806624174118042 423
1732020789704 1.8064466714859009 424
1732020789727 1.806268334388733 425
1732020789750 1.8060894012451172 426
1732020789773 1.8059097528457642 427
1732020789795 1.8057293891906738 428
1732020789817 1.8055481910705566 429
1732020789839 1.8053662776947021 430
1732020789862 1.8051836490631104 431
1732020789883 1.8050003051757812 432
1732020789906 1.8048162460327148 433
1732020789929 1.8046314716339111 434
1732020789954 1.804445743560791 435
1732020789982 1.8042595386505127 436
1732020790007 1.804072380065918 437
1732020790034 1.8038842678070068 438
1732020790062 1.8036956787109375 439
1732020790089 1.8035061359405518 440
1732020790113 1.8033157587051392 441
1732020790137 1.8031246662139893 442
1732020790160 1.802932858467102 443
1732020790184 1.8027400970458984 444
1732020790209 1.802546501159668 445
1732020790232 1.8023521900177002 446
1732020790254 1.8021571636199951 447
1732020790279 1.801961064338684 448
1732020790302 1.8017642498016357 449
1732020790324 1.8015663623809814 450
1732020790345 1.8013678789138794 451
1732020790368 1.801168441772461 452
1732020790390 1.8009681701660156 453
1732020790412 1.8007668256759644 454
1732020790436 1.8005647659301758 455
1732020790460 1.8003618717193604 456
1732020790484 1.800157904624939 457
1732020790508 1.7999529838562012 458
1732020790532 1.799747347831726 459
1732020790555 1.7995405197143555 460
1732020790578 1.799333095550537 461
1732020790599 1.7991244792938232 462
1732020790622 1.798914909362793 463
1732020790645 1.7987043857574463 464
1732020790668 1.7984929084777832 465
1732020790689 1.7982804775238037 466
1732020790712 1.7980670928955078 467
1732020790734 1.7978525161743164 468
1732020790754 1.7976369857788086 469
1732020790780 1.7974205017089844 470
1732020790809 1.7972028255462646 471
1732020790833 1.7969841957092285 472
1732020790855 1.7967644929885864 473
1732020790877 1.7965435981750488 474
1732020790901 1.7963218688964844 475
1732020790925 1.7960987091064453 476
1732020790948 1.7958745956420898 477
1732020790969 1.7956492900848389 478
1732020790994 1.7954227924346924 479
1732020791020 1.79519522190094 480
1732020791046 1.7949663400650024 481
1732020791070 1.7947362661361694 482
1732020791092 1.7945051193237305 483
1732020791119 1.794272541999817 484
1732020791147 1.7940387725830078 485
1732020791173 1.7938036918640137 486
1732020791198 1.793567180633545 487
1732020791227 1.7933294773101807 488
1732020791254 1.7930901050567627 489
1732020791279 1.7928495407104492 490
1732020791302 1.7926074266433716 491
1732020791325 1.7923638820648193 492
1732020791348 1.792118787765503 493
1732020791371 1.7918720245361328 494
1732020791397 1.7916237115859985 495
1732020791421 1.791373610496521 496
1732020791446 1.7911217212677002 497
1732020791471 1.7908679246902466 498
1732020791495 1.7906122207641602 499
1732020791519 1.7903541326522827 500
1732020791546 1.7900936603546143 501
1732020791577 1.7898306846618652 502
1732020791600 1.7895644903182983 503
1732020791620 1.7892944812774658 504
1732020791644 1.7890188694000244 505
1732020791669 1.7887959480285645 506
1732020791693 1.7886037826538086 507
1732020791715 1.7884101867675781 508
1732020791738 1.7882156372070312 509
1732020791763 1.7880198955535889 510
1732020791787 1.787822961807251 511
1732020791811 1.7876245975494385 512
1732020791833 1.7874250411987305 513
1732020791856 1.7872240543365479 514
1732020791878 1.7870221138000488 515
1732020791899 1.7868187427520752 516
1732020791922 1.786613941192627 517
1732020791944 1.7864079475402832 518
1732020791967 1.7862005233764648 519
1732020791988 1.785991907119751 520
1732020792011 1.7857816219329834 521
1732020792034 1.7855701446533203 522
1732020792056 1.7853574752807617 523
1732020792079 1.7851431369781494 524
1732020792102 1.7849273681640625 525
1732020792124 1.78471040725708 526
1732020792145 1.784491777420044 527
1732020792168 1.7842717170715332 528
1732020792190 1.7840502262115479 529
1732020792212 1.7838270664215088 530
1732020792234 1.7836024761199951 531
1732020792257 1.7833764553070068 532
1732020792280 1.7831487655639648 533
1732020792306 1.7829196453094482 534
1732020792331 1.782688856124878 535
1732020792355 1.782456398010254 536
1732020792377 1.7822225093841553 537
1732020792399 1.7819867134094238 538
1732020792423 1.7817494869232178 539
1732020792448 1.781510353088379 540
1732020792471 1.7812697887420654 541
1732020792493 1.7810273170471191 542
1732020792514 1.78078293800354 543
1732020792539 1.7805371284484863 544
1732020792562 1.7802894115447998 545
1732020792584 1.7800397872924805 546
1732020792612 1.7797884941101074 547
1732020792635 1.7795352935791016 548
1732020792658 1.779280185699463 549
1732020792680 1.7790231704711914 550
1732020792702 1.778764247894287 551
1732020792725 1.77850341796875 552
1732020792747 1.77824068069458 553
1732020792769 1.7779757976531982 554
1732020792793 1.7777090072631836 555
1732020792817 1.777440071105957 556
1732020792840 1.7771689891815186 557
1732020792862 1.7768959999084473 558
1732020792883 1.776620864868164 559
1732020792906 1.776343584060669 560
1732020792928 1.7760639190673828 561
1732020792949 1.7757823467254639 562
1732020792972 1.7754981517791748 563
1732020792995 1.775212049484253 564
1732020793016 1.77492356300354 565
1732020793039 1.774632453918457 566
1732020793062 1.774339199066162 567
1732020793085 1.7740435600280762 568
1732020793114 1.7737452983856201 569
1732020793135 1.773444652557373 570
1732020793161 1.773141622543335 571
1732020793185 1.7728359699249268 572
1732020793213 1.7725276947021484 573
1732020793236 1.772216796875 574
1732020793263 1.7719032764434814 575
1732020793291 1.7715868949890137 576
1732020793316 1.7712678909301758 577
1732020793344 1.7709460258483887 578
1732020793370 1.7706215381622314 579
1732020793395 1.770293951034546 580
1732020793422 1.7699635028839111 581
1732020793450 1.7696301937103271 582
1732020793475 1.7692937850952148 583
1732020793505 1.7689542770385742 584
1732020793531 1.7686116695404053 585
1732020793558 1.768265962600708 586
1732020793582 1.7682549953460693 587
1732020793613 1.7682549953460693 588
