1732020779374 1.542979121208191 0
1732020779400 1.510501742362976 1
1732020779443 1.456699252128601 2
1732020779483 1.3813667297363281 3
1732020779513 1.3254756927490234 4
1732020779546 1.3179455995559692 5
1732020779586 1.3088542222976685 6
1732020779616 1.2996758222579956 7
1732020779660 1.288881540298462 8
1732020779689 1.2767150402069092 9
1732020779717 1.2643678188323975 10
1732020779745 1.2495938539505005 11
1732020779779 1.2323837280273438 12
1732020779812 1.22328519821167 13
1732020779847 1.2132457494735718 14
1732020779879 1.2020065784454346 15
1732020779908 1.1893550157546997 16
1732020779934 1.176472783088684 17
1732020779961 1.1618075370788574 18
1732020779984 1.1448252201080322 19
1732020780007 1.124642252922058 20
1732020780031 1.0999643802642822 21
1732020780055 1.0643914937973022 22
1732020780079 1.0515720844268799 23
1732020780101 1.0375441312789917 24
1732020780124 1.021186351776123 25
1732020780148 1.0018150806427002 26
1732020780172 0.9782590866088867 27
1732020780197 0.9479001760482788 28
1732020780220 0.9129924178123474 29
1732020780245 0.8924208283424377 30
1732020780271 0.8767839670181274 31
1732020780296 0.8623976707458496 32
1732020780319 0.8453840613365173 33
1732020780342 0.8267251253128052 34
1732020780375 0.8117482662200928 35
1732020780401 0.8009454011917114 36
1732020780425 0.789308488368988 37
1732020780450 0.7767298817634583 38
1732020780475 0.7630688548088074 39
1732020780500 0.7481321096420288 40
1732020780523 0.7316336631774902 41
1732020780546 0.7130955457687378 42
1732020780568 0.6914898157119751 43
1732020780591 0.667605996131897 44
1732020780614 0.6612353324890137 45
1732020780637 0.6559154391288757 46
1732020780657 0.6530694365501404 47
1732020780682 0.6499835848808289 48
1732020780705 0.646634578704834 49
1732020780727 0.6429922580718994 50
1732020780750 0.6390141248703003 51
1732020780772 0.6346344947814941 52
1732020780797 0.6297274231910706 53
1732020780824 0.6237943768501282 54
1732020780849 0.621052086353302 55
1732020780871 0.6181778907775879 56
1732020780894 0.6150254607200623 57
1732020780919 0.6115425229072571 58
1732020780945 0.6076307892799377 59
1732020780968 0.6029989719390869 60
1732020780992 0.5987076163291931 61
1732020781020 0.5943669676780701 62
1732020781045 0.5910585522651672 63
1732020781069 0.5878323912620544 64
1732020781091 0.5843988656997681 65
1732020781116 0.5807422995567322 66
1732020781141 0.5768431425094604 67
1732020781165 0.5726757049560547 68
1732020781190 0.5682029724121094 69
1732020781215 0.5633602738380432 70
1732020781242 0.5579591393470764 71
1732020781267 0.5535951852798462 72
1732020781290 0.549418032169342 73
1732020781319 0.5449895262718201 74
1732020781349 0.5402924418449402 75
1732020781375 0.5353070497512817 76
1732020781399 0.5300096869468689 77
1732020781424 0.5243723392486572 78
1732020781448 0.5183603167533875 79
1732020781470 0.511928915977478 80
1732020781493 0.5050159096717834 81
1732020781516 0.497518390417099 82
1732020781539 0.4891338050365448 83
1732020781562 0.48228031396865845 84
1732020781585 0.4751957654953003 85
1732020781609 0.46755674481391907 86
1732020781633 0.4592793583869934 87
1732020781658 0.45025092363357544 88
1732020781681 0.44031083583831787 89
1732020781705 0.42920833826065063 90
1732020781729 0.4164733588695526 91
1732020781762 0.4015037417411804 92
1732020781792 0.3895127475261688 93
1732020781823 0.378701776266098 94
1732020781851 0.3721311092376709 95
1732020781878 0.3649914562702179 96
1732020781904 0.35699012875556946 97
1732020781933 0.34996870160102844 98
1732020781956 0.34406667947769165 99
1732020781981 0.3374590277671814 100
1732020782005 0.3297915458679199 101
1732020782030 0.32273584604263306 102
1732020782052 0.31668466329574585 103
1732020782075 0.31414464116096497 104
1732020782098 0.31147873401641846 105
1732020782121 0.3087911605834961 106
1732020782145 0.3060224652290344 107
1732020782171 0.30313563346862793 108
1732020782197 0.3000843822956085 109
1732020782223 0.29680654406547546 110
1732020782247 0.2932121753692627 111
1732020782273 0.28916147351264954 112
1732020782297 0.28441283106803894 113
1732020782322 0.2784707248210907 114
1732020782347 0.26975417137145996 115
1732020782371 0.26107311248779297 116
1732020782395 0.2590978741645813 117
1732020782418 0.257041871547699 118
1732020782443 0.25489312410354614 119
1732020782467 0.2526349723339081 120
1732020782492 0.2502429485321045 121
1732020782518 0.24767720699310303 122
1732020782542 0.24485959112644196 123
1732020782568 0.24153919517993927 124
1732020782594 0.2403264045715332 125
1732020782619 0.2399851381778717 126
1732020782644 0.2396417260169983 127
1732020782671 0.23929613828659058 128
1732020782697 0.23894833028316498 129
1732020782721 0.23859833180904388 130
1732020782745 0.2382460981607437 131
1732020782769 0.23789158463478088 132
1732020782792 0.23753482103347778 133
1732020782817 0.23717579245567322 134
1732020782841 0.23681442439556122 135
1732020782864 0.23645076155662537 136
1732020782888 0.2360847443342209 137
1732020782910 0.23571635782718658 138
1732020782935 0.23534560203552246 139
1732020782959 0.23497244715690613 140
1732020782983 0.234596848487854 141
1732020783007 0.23421882092952728 142
1732020783031 0.23383831977844238 143
1732020783056 0.2334553301334381 144
1732020783081 0.23306983709335327 145
1732020783107 0.23268181085586548 146
1732020783134 0.23229122161865234 147
1732020783160 0.23189806938171387 148
1732020783183 0.23150232434272766 149
1732020783206 0.23110392689704895 150
1732020783226 0.23070289194583893 151
1732020783250 0.2302992045879364 152
1732020783273 0.2298927754163742 153
1732020783295 0.22948363423347473 154
1732020783316 0.2290717363357544 155
1732020783338 0.2286570519208908 156
1732020783360 0.22823956608772278 157
1732020783381 0.22781920433044434 158
1732020783403 0.22739601135253906 159
1732020783426 0.2269698828458786 160
1732020783448 0.22654084861278534 161
1732020783470 0.2261088490486145 162
1732020783492 0.2256738245487213 163
1732020783515 0.22523580491542816 164
1732020783537 0.22479471564292908 165
1732020783562 0.22435049712657928 166
1732020783586 0.2239031344652176 167
1732020783609 0.2234526127576828 168
1732020783631 0.22299888730049133 169
1732020783652 0.2225418984889984 170
1732020783675 0.22208158671855927 171
1732020783697 0.2216179519891739 172
1732020783718 0.2211509346961975 173
1732020783741 0.22068049013614655 174
1732020783766 0.22020655870437622 175
1732020783789 0.21972909569740295 176
1732020783811 0.21924805641174316 177
1732020783834 0.21876341104507446 178
1732020783857 0.2182750701904297 179
1732020783879 0.21778298914432526 180
1732020783902 0.2172871232032776 181
1732020783926 0.21678736805915833 182
1732020783949 0.21628370881080627 183
1732020783971 0.21577602624893188 184
1732020783993 0.21526429057121277 185
1732020784017 0.21474844217300415 186
1732020784041 0.21422839164733887 187
1732020784063 0.21370403468608856 188
1732020784085 0.21317529678344727 189
1732020784109 0.21264208853244781 190
1732020784132 0.21210433542728424 191
1732020784153 0.2115618884563446 192
1732020784175 0.21101468801498413 193
1732020784197 0.21046259999275208 194
1732020784219 0.2099054902791977 195
1732020784241 0.20934325456619263 196
1732020784265 0.20877572894096375 197
1732020784289 0.2082027941942215 198
1732020784310 0.20762425661087036 199
1732020784333 0.20703989267349243 200
1732020784357 0.20644958317279816 201
1732020784381 0.20585307478904724 202
1732020784401 0.20525012910366058 203
1732020784425 0.20464050769805908 204
1732020784449 0.20402388274669647 205
1732020784471 0.2033999264240265 206
1732020784492 0.2027682363986969 207
1732020784516 0.20212839543819427 208
1732020784541 0.20147988200187683 209
1732020784565 0.20082205533981323 210
1732020784586 0.2001541554927826 211
1732020784608 0.19947533309459686 212
1732020784631 0.19878436625003815 213
1732020784652 0.19807973504066467 214
1732020784675 0.19735929369926453 215
1732020784697 0.1966199427843094 216
1732020784724 0.19585667550563812 217
1732020784751 0.19505968689918518 218
1732020784775 0.19419953227043152 219
1732020784799 0.193660706281662 220
1732020784824 0.1933034360408783 221
1732020784849 0.19294345378875732 222
1732020784871 0.1925806850194931 223
1732020784893 0.19221515953540802 224
1732020784918 0.1918468177318573 225
1732020784945 0.19147561490535736 226
1732020784970 0.191101536154747 227
1732020784993 0.19072455167770386 228
1732020785019 0.19034461677074432 229
1732020785043 0.1899617314338684 230
1732020785067 0.18957582116127014 231
1732020785091 0.18918687105178833 232
1732020785113 0.18879485130310059 233
1732020785137 0.18839968740940094 234
1732020785159 0.18800139427185059 235
1732020785182 0.18759988248348236 236
1732020785211 0.18719513714313507 237
1732020785235 0.18678714334964752 238
1732020785260 0.18637582659721375 239
1732020785283 0.18596115708351135 240
1732020785308 0.18554307520389557 241
1732020785335 0.1851215809583664 242
1732020785358 0.18469659984111786 243
1732020785380 0.184268057346344 244
1732020785403 0.1838359534740448 245
1732020785429 0.1834002286195755 246
1732020785452 0.18296083807945251 247
1732020785479 0.18251770734786987 248
1732020785502 0.1820707768201828 249
1732020785526 0.1816200315952301 250
1732020785548 0.1811653971672058 251
1732020785571 0.18070682883262634 252
1732020785595 0.18024423718452454 253
1732020785619 0.179777592420578 254
1732020785642 0.17930682003498077 255
1732020785666 0.17883186042308807 256
1732020785691 0.17835265398025513 257
1732020785716 0.17786911129951477 258
1732020785743 0.17738120257854462 259
1732020785767 0.1768888235092163 260
1732020785790 0.17639189958572388 261
1732020785816 0.17589035630226135 262
1732020785840 0.17538413405418396 263
1732020785865 0.17487311363220215 264
1732020785889 0.17435726523399353 265
1732020785910 0.17383646965026855 266
1732020785933 0.17331062257289886 267
1732020785956 0.1727796494960785 268
1732020785977 0.17224344611167908 269
1732020786000 0.17170189321041107 270
1732020786027 0.1711549162864685 271
1732020786051 0.17060239613056183 272
1732020786075 0.17004422843456268 273
1732020786098 0.16948026418685913 274
1732020786122 0.168910413980484 275
1732020786147 0.168334499001503 276
1732020786170 0.16775241494178772 277
1732020786191 0.16716402769088745 278
1732020786214 0.16656915843486786 279
1732020786246 0.165967658162117 280
1732020786280 0.16535936295986176 281
1732020786315 0.16474410891532898 282
1732020786347 0.16412171721458435 283
1732020786373 0.16349194943904877 284
1732020786397 0.1628546267747879 285
1732020786421 0.16220954060554504 286
1732020786443 0.1615564227104187 287
1732020786466 0.16089506447315216 288
1732020786491 0.16022518277168274 289
1732020786515 0.15954646468162537 290
1732020786538 0.15885865688323975 291
1732020786562 0.15816137194633484 292
1732020786587 0.15745428204536438 293
1732020786611 0.15673698484897614 294
1732020786636 0.15600906312465668 295
1732020786659 0.1552700698375702 296
1732020786683 0.1545194685459137 297
1732020786707 0.15375667810440063 298
1732020786731 0.15298111736774445 299
1732020786752 0.15219205617904663 300
1732020786775 0.15138867497444153 301
1732020786797 0.1505700945854187 302
1732020786819 0.1497352570295334 303
1732020786840 0.1488829255104065 304
1732020786862 0.1480116844177246 305
1732020786885 0.14711983501911163 306
1732020786907 0.14620526134967804 307
1732020786929 0.14526529610157013 308
1732020786952 0.1442965418100357 309
1732020786974 0.14329442381858826 310
1732020786995 0.14225241541862488 311
1732020787019 0.1411605328321457 312
1732020787042 0.14000102877616882 313
1732020787064 0.13873347640037537 314
1732020787087 0.13755197823047638 315
1732020787112 0.1373969316482544 316
1732020787136 0.13724061846733093 317
1732020787161 0.1370830535888672 318
1732020787185 0.13692422211170197 319
1732020787210 0.13676410913467407 320
1732020787234 0.1366027146577835 321
1732020787257 0.13644003868103027 322
1732020787280 0.13627605140209198 323
1732020787304 0.13611078262329102 324
1732020787329 0.1359441876411438 325
1732020787353 0.13577628135681152 326
1732020787378 0.135607048869133 327
1732020787401 0.13543647527694702 328
1732020787427 0.135264590382576 329
1732020787451 0.13509134948253632 330
1732020787476 0.134916752576828 331
1732020787500 0.13474078476428986 332
1732020787524 0.13456347584724426 333
1732020787548 0.13438475131988525 334
1732020787572 0.1342046707868576 335
1732020787597 0.13402318954467773 336
1732020787618 0.13384030759334564 337
1732020787643 0.13365602493286133 338
1732020787667 0.1334703266620636 339
1732020787690 0.13328321278095245 340
1732020787713 0.1330946683883667 341
1732020787737 0.13290467858314514 342
1732020787762 0.1327132284641266 343
1732020787787 0.13252031803131104 344
1732020787813 0.1323259472846985 345
1732020787845 0.13213011622428894 346
1732020787873 0.13193279504776 347
1732020787896 0.1317339837551117 348
1732020787925 0.1315336525440216 349
1732020787953 0.13133184611797333 350
1732020787979 0.1311284899711609 351
1732020788002 0.13092361390590668 352
1732020788025 0.1307172179222107 353
1732020788047 0.13050924241542816 354
1732020788069 0.13029973208904266 355
1732020788091 0.1300886571407318 356
1732020788116 0.1298760026693344 357
1732020788140 0.12966175377368927 358
1732020788162 0.1294458955526352 359
1732020788184 0.12922845780849457 360
1732020788205 0.12900938093662262 361
1732020788228 0.12878869473934174 362
1732020788250 0.12856636941432953 363
1732020788272 0.1283423751592636 364
1732020788294 0.12811674177646637 365
1732020788316 0.12788942456245422 366
1732020788339 0.12766043841838837 367
1732020788363 0.12742973864078522 368
1732020788387 0.12719735503196716 369
1732020788413 0.12696324288845062 370
1732020788435 0.1267274022102356 371
1732020788456 0.1264898180961609 372
1732020788479 0.1262504905462265 373
1732020788501 0.12600940465927124 374
1732020788525 0.12576653063297272 375
1732020788547 0.12552186846733093 376
1732020788572 0.1252754032611847 377
1732020788597 0.125027135014534 378
1732020788621 0.12477701902389526 379
1732020788643 0.12452508509159088 380
1732020788666 0.12427128851413727 381
1732020788689 0.12401562184095383 382
1732020788711 0.12375807762145996 383
1732020788732 0.12349863350391388 384
1732020788755 0.12323728203773499 385
1732020788779 0.12297400832176208 386
1732020788802 0.12270879745483398 387
1732020788824 0.12244164198637009 388
1732020788850 0.122172512114048 389
1732020788885 0.12190140783786774 390
1732020788918 0.1216282919049263 391
1732020788953 0.12135317921638489 392
1732020788987 0.12107602506875992 393
1732020789010 0.1207968220114708 394
1732020789037 0.12051557004451752 395
1732020789061 0.1202322319149971 396
1732020789087 0.11994679272174835 397
1732020789109 0.11965924501419067 398
1732020789133 0.11936957389116287 399
1732020789156 0.11907774955034256 400
1732020789179 0.11878377199172974 401
1732020789201 0.11848760396242142 402
1732020789224 0.118189238011837 403
1732020789248 0.11788865923881531 404
1732020789273 0.11758582293987274 405
1732020789296 0.1172807514667511 406
1732020789319 0.1169734001159668 407
1732020789342 0.11666373908519745 408
1732020789365 0.11635176092386246 409
1732020789386 0.11603745818138123 410
1732020789409 0.11572077125310898 411
1732020789432 0.1154017299413681 412
1732020789456 0.11508028209209442 413
1732020789480 0.11475640535354614 414
1732020789504 0.11443006992340088 415
1732020789529 0.11410127580165863 416
1732020789551 0.11376999318599701 417
1732020789573 0.11343618482351303 418
1732020789596 0.1130998432636261 419
1732020789618 0.11276093870401382 420
1732020789640 0.11241944134235382 421
1732020789661 0.1120753288269043 422
1732020789684 0.11172857880592346 423
1732020789706 0.11137914657592773 424
1732020789729 0.11102703213691711 425
1732020789751 0.11067217588424683 426
1732020789775 0.11031458526849747 427
1732020789798 0.10995422303676605 428
1732020789819 0.109591044485569 429
1732020789841 0.10922501236200333 430
1732020789864 0.10885614156723022 431
1732020789885 0.10848434269428253 432
1732020789908 0.10810962319374084 433
1732020789931 0.10773192346096039 434
1732020789956 0.10735122859477997 435
1732020789985 0.1069675087928772 436
1732020790010 0.10658073425292969 437
1732020790037 0.10619083046913147 438
1732020790064 0.10579780489206314 439
1732020790091 0.10540160536766052 440
1732020790115 0.10500217974185944 441
1732020790140 0.10459950566291809 442
1732020790163 0.1041935384273529 443
1732020790186 0.1037842333316803 444
1732020790211 0.10337154567241669 445
1732020790234 0.10295543819665909 446
1732020790256 0.10253585875034332 447
1732020790281 0.102112777531147 448
1732020790304 0.10168613493442535 449
1732020790326 0.101255863904953 450
1732020790347 0.10082196444272995 451
1732020790369 0.10038434714078903 452
1732020790392 0.09994295239448547 453
1732020790415 0.09949774295091629 454
1732020790438 0.0990486741065979 455
1732020790462 0.09859566390514374 456
1732020790486 0.09813866764307022 457
1732020790511 0.09767762571573257 458
1732020790534 0.09721246361732483 459
1732020790557 0.09674310684204102 460
1732020790580 0.09626950323581696 461
1732020790602 0.09579157829284668 462
1732020790624 0.09530925005674362 463
1732020790647 0.09482245147228241 464
1732020790670 0.09433109313249588 465
1732020790691 0.09383508563041687 466
1732020790713 0.09333435446023941 467
1732020790736 0.09282881021499634 468
1732020790758 0.0923183485865593 469
1732020790785 0.09180287271738052 470
1732020790811 0.09128229320049286 471
1732020790834 0.09075648337602615 472
1732020790857 0.09022532403469086 473
1732020790880 0.08968870341777802 474
1732020790903 0.08914649486541748 475
1732020790927 0.08859856426715851 476
1732020790950 0.08804475516080856 477
1732020790972 0.0874849334359169 478
1732020790996 0.0869189202785492 479
1732020791023 0.08634655177593231 480
1732020791048 0.08576764166355133 481
1732020791072 0.08518196642398834 482
1732020791094 0.08458934724330902 483
1732020791121 0.08398950845003128 484
1732020791151 0.08338222652673721 485
1732020791176 0.08276721090078354 486
1732020791201 0.08214416354894638 487
1732020791230 0.08151274919509888 488
1732020791257 0.08087257295846939 489
1732020791282 0.08022322505712509 490
1732020791304 0.07956423610448837 491
1732020791327 0.07889505475759506 492
1732020791350 0.07821507751941681 493
1732020791373 0.07752358168363571 494
1732020791399 0.07681973278522491 495
1732020791424 0.07610248774290085 496
1732020791448 0.07537063211202621 497
1732020791473 0.07462262362241745 498
1732020791498 0.07385648041963577 499
1732020791521 0.07306961715221405 500
1732020791550 0.0722583681344986 501
1732020791579 0.07141734659671783 502
1732020791602 0.0705377534031868 503
1732020791623 0.06960266828536987 504
1732020791646 0.06856473535299301 505
1732020791671 0.06785756349563599 506
1732020791695 0.06743860989809036 507
1732020791718 0.0670146644115448 508
1732020791740 0.06658564507961273 509
1732020791765 0.06615147739648819 510
1732020791789 0.06571206450462341 511
1732020791813 0.06526733189821243 512
1732020791835 0.06481718271970749 513
1732020791857 0.06436152011156082 514
1732020791880 0.06390023976564407 515
1732020791902 0.06343327462673187 516
1732020791924 0.06296049803495407 517
1732020791946 0.06248179450631142 518
1732020791969 0.06199708580970764 519
1732020791990 0.061506256461143494 520
1732020792013 0.06100917235016823 521
1732020792036 0.060505740344524384 522
1732020792059 0.05999583750963211 523
1732020792081 0.05947932228446007 524
1732020792103 0.058956075459718704 525
1732020792126 0.05842595547437668 526
1732020792147 0.05788883566856384 527
1732020792170 0.05734458938241005 528
1732020792192 0.05679304525256157 529
1732020792215 0.05623406544327736 530
1732020792236 0.05566749721765518 531
1732020792259 0.05509316548705101 532
1732020792282 0.05451090633869171 533
1732020792309 0.053920548409223557 534
1732020792333 0.053321924060583115 535
1732020792357 0.05271482467651367 536
1732020792379 0.0520990714430809 537
1732020792402 0.051474448293447495 538
1732020792425 0.050840772688388824 539
1732020792450 0.05019781365990639 540
1732020792473 0.04954533278942108 541
1732020792495 0.0488830991089344 542
1732020792516 0.04821087047457695 543
1732020792541 0.04752839356660843 544
1732020792563 0.04683539271354675 545
1732020792587 0.04613158106803894 546
1732020792616 0.045416682958602905 547
1732020792637 0.04469037428498268 548
1732020792660 0.0439523309469223 549
1732020792682 0.043202221393585205 550
1732020792703 0.042439669370651245 551
1732020792726 0.04166430979967117 552
1732020792749 0.04087574779987335 553
1732020792771 0.04007355496287346 554
1732020792795 0.03925727307796478 555
1732020792819 0.038426440209150314 556
1732020792841 0.03758055716753006 557
1732020792864 0.03671908378601074 558
1732020792885 0.0358414426445961 559
1732020792908 0.03494703397154808 560
1732020792930 0.034035202115774155 561
1732020792951 0.03310524672269821 562
1732020792974 0.03215640410780907 563
1732020792997 0.031187845394015312 564
1732020793019 0.030198678374290466 565
1732020793041 0.02918793447315693 566
1732020793063 0.028154559433460236 567
1732020793088 0.027097385376691818 568
1732020793116 0.026015114039182663 569
1732020793138 0.024906335398554802 570
1732020793163 0.023769428953528404 571
1732020793188 0.022602593526244164 572
1732020793215 0.021403780207037926 573
1732020793241 0.02017064206302166 574
1732020793267 0.018900467082858086 575
1732020793294 0.017590045928955078 576
1732020793318 0.0162355899810791 577
1732020793347 0.014832486398518085 578
1732020793371 0.013374983333051205 579
1732020793398 0.01185577642172575 580
1732020793425 0.010265138000249863 581
1732020793452 0.00858953408896923 582
1732020793477 0.006808723323047161 583
1732020793507 0.0048887161538004875 584
1732020793533 0.002759205177426338 585
1732020793560 0.00012574897846207023 586
1732020793584 -0.0 587
1732020793615 -0.0 588
