1732020779377 2.014693021774292 0
1732020779402 2.014693021774292 1
1732020779447 2.014693021774292 2
1732020779486 2.014693021774292 3
1732020779516 2.014693021774292 4
1732020779552 2.014693021774292 5
1732020779589 2.014693021774292 6
1732020779619 2.014693021774292 7
1732020779663 2.014693021774292 8
1732020779692 2.014693021774292 9
1732020779720 2.014693021774292 10
1732020779747 2.014693021774292 11
1732020779782 2.014693021774292 12
1732020779816 2.014693021774292 13
1732020779850 2.014693021774292 14
1732020779881 2.014693021774292 15
1732020779910 2.014693021774292 16
1732020779937 2.014693021774292 17
1732020779962 2.014693021774292 18
1732020779986 2.014693021774292 19
1732020780009 2.014693021774292 20
1732020780033 2.014693021774292 21
1732020780057 2.014693021774292 22
1732020780081 2.014693021774292 23
1732020780103 2.014693021774292 24
1732020780126 2.014693021774292 25
1732020780151 2.014693021774292 26
1732020780174 2.014693021774292 27
1732020780199 2.014693021774292 28
1732020780222 2.014693021774292 29
1732020780248 2.014693021774292 30
1732020780273 2.014693021774292 31
1732020780299 2.014693021774292 32
1732020780322 2.014693021774292 33
1732020780344 2.014693021774292 34
1732020780378 2.014693021774292 35
1732020780403 2.014693021774292 36
1732020780427 2.014693021774292 37
1732020780452 2.014693021774292 38
1732020780478 2.014693021774292 39
1732020780502 2.014693021774292 40
1732020780525 2.014693021774292 41
1732020780548 2.014693021774292 42
1732020780571 2.014693021774292 43
1732020780593 2.014693021774292 44
1732020780616 2.014693021774292 45
1732020780638 2.014693021774292 46
1732020780659 2.014693021774292 47
1732020780684 2.014693021774292 48
1732020780707 2.014693021774292 49
1732020780729 2.014693021774292 50
1732020780751 2.014693021774292 51
1732020780774 2.014693021774292 52
1732020780800 2.014693021774292 53
1732020780827 2.014693021774292 54
1732020780851 2.014693021774292 55
1732020780872 2.014693021774292 56
1732020780896 2.014693021774292 57
1732020780923 2.014693021774292 58
1732020780947 2.014693021774292 59
1732020780970 2.014693021774292 60
1732020780995 2.014693021774292 61
1732020781022 2.014693021774292 62
1732020781047 2.014693021774292 63
1732020781071 2.014693021774292 64
1732020781095 2.014693021774292 65
1732020781119 2.014693021774292 66
1732020781143 2.014693021774292 67
1732020781167 2.014693021774292 68
1732020781193 2.014693021774292 69
1732020781219 2.014693021774292 70
1732020781244 2.014693021774292 71
1732020781269 2.014693021774292 72
1732020781292 2.014693021774292 73
1732020781321 2.014693021774292 74
1732020781351 2.014693021774292 75
1732020781378 2.014693021774292 76
1732020781401 2.014693021774292 77
1732020781426 2.014693021774292 78
1732020781450 2.014693021774292 79
1732020781473 2.014693021774292 80
1732020781495 2.014693021774292 81
1732020781518 2.014693021774292 82
1732020781541 2.014693021774292 83
1732020781564 2.014693021774292 84
1732020781587 2.014693021774292 85
1732020781611 2.014693021774292 86
1732020781635 2.014693021774292 87
1732020781660 2.014693021774292 88
1732020781683 2.014693021774292 89
1732020781707 2.014693021774292 90
1732020781732 2.014693021774292 91
1732020781765 2.014693021774292 92
1732020781795 2.014693021774292 93
1732020781826 2.014693021774292 94
1732020781855 2.014693021774292 95
1732020781880 2.014693021774292 96
1732020781907 2.014693021774292 97
1732020781935 2.014693021774292 98
1732020781958 2.014693021774292 99
1732020781983 2.014693021774292 100
1732020782007 2.014693021774292 101
1732020782032 2.014693021774292 102
1732020782055 2.014693021774292 103
1732020782077 2.014693021774292 104
1732020782100 2.014693021774292 105
1732020782123 2.014693021774292 106
1732020782147 2.014693021774292 107
1732020782174 2.014693021774292 108
1732020782199 2.014693021774292 109
1732020782225 2.014693021774292 110
1732020782249 2.014693021774292 111
1732020782276 2.014693021774292 112
1732020782299 2.014693021774292 113
1732020782324 2.014693021774292 114
1732020782349 2.014693021774292 115
1732020782373 2.014693021774292 116
1732020782397 2.014693021774292 117
1732020782420 2.014693021774292 118
1732020782445 2.014693021774292 119
1732020782469 2.014693021774292 120
1732020782494 2.014693021774292 121
1732020782520 2.014693021774292 122
1732020782544 2.014693021774292 123
1732020782570 2.014693021774292 124
1732020782596 2.014693021774292 125
1732020782621 2.014693021774292 126
1732020782647 2.014693021774292 127
1732020782675 2.014693021774292 128
1732020782699 2.014693021774292 129
1732020782723 2.014693021774292 130
1732020782747 2.014693021774292 131
1732020782772 2.014693021774292 132
1732020782796 2.014693021774292 133
1732020782819 2.014693021774292 134
1732020782843 2.014693021774292 135
1732020782866 2.014693021774292 136
1732020782890 2.014693021774292 137
1732020782912 2.014693021774292 138
1732020782937 2.014693021774292 139
1732020782961 2.014693021774292 140
1732020782985 2.014693021774292 141
1732020783009 2.014693021774292 142
1732020783033 2.014693021774292 143
1732020783058 2.014693021774292 144
1732020783083 2.014693021774292 145
1732020783109 2.014693021774292 146
1732020783136 2.014693021774292 147
1732020783162 2.014693021774292 148
1732020783185 2.014693021774292 149
1732020783207 2.014693021774292 150
1732020783229 2.014693021774292 151
1732020783252 2.014693021774292 152
1732020783274 2.014693021774292 153
1732020783297 2.014693021774292 154
1732020783318 2.014693021774292 155
1732020783340 2.014693021774292 156
1732020783362 2.014693021774292 157
1732020783384 2.014693021774292 158
1732020783405 2.014693021774292 159
1732020783428 2.014693021774292 160
1732020783450 2.014693021774292 161
1732020783471 2.014693021774292 162
1732020783494 2.014693021774292 163
1732020783517 2.014693021774292 164
1732020783539 2.014693021774292 165
1732020783564 2.014693021774292 166
1732020783588 2.014693021774292 167
1732020783611 2.014693021774292 168
1732020783633 2.014693021774292 169
1732020783654 2.014693021774292 170
1732020783677 2.014693021774292 171
1732020783699 2.014693021774292 172
1732020783720 2.014693021774292 173
1732020783743 2.014693021774292 174
1732020783768 2.014693021774292 175
1732020783791 2.014693021774292 176
1732020783813 2.014693021774292 177
1732020783836 2.014693021774292 178
1732020783859 2.014693021774292 179
1732020783881 2.014693021774292 180
1732020783904 2.014693021774292 181
1732020783928 2.014693021774292 182
1732020783951 2.014693021774292 183
1732020783974 2.014693021774292 184
1732020783995 2.014693021774292 185
1732020784019 2.014693021774292 186
1732020784043 2.014693021774292 187
1732020784065 2.014693021774292 188
1732020784086 2.014693021774292 189
1732020784111 2.014693021774292 190
1732020784134 2.014693021774292 191
1732020784155 2.014693021774292 192
1732020784177 2.014693021774292 193
1732020784199 2.014693021774292 194
1732020784221 2.014693021774292 195
1732020784242 2.014693021774292 196
1732020784267 2.014693021774292 197
1732020784291 2.014693021774292 198
1732020784313 2.014693021774292 199
1732020784335 2.014693021774292 200
1732020784359 2.014693021774292 201
1732020784383 2.014693021774292 202
1732020784404 2.014693021774292 203
1732020784427 2.014693021774292 204
1732020784450 2.014693021774292 205
1732020784473 2.014693021774292 206
1732020784494 2.014693021774292 207
1732020784518 2.014693021774292 208
1732020784543 2.014693021774292 209
1732020784567 2.014693021774292 210
1732020784587 2.014693021774292 211
1732020784610 2.014693021774292 212
1732020784633 2.014693021774292 213
1732020784655 2.014693021774292 214
1732020784676 2.014693021774292 215
1732020784699 2.014693021774292 216
1732020784726 2.014693021774292 217
1732020784753 2.014693021774292 218
1732020784778 2.014693021774292 219
1732020784801 2.014693021774292 220
1732020784826 2.014693021774292 221
1732020784851 2.014693021774292 222
1732020784873 2.014693021774292 223
1732020784894 2.014693021774292 224
1732020784921 2.014693021774292 225
1732020784947 2.014693021774292 226
1732020784972 2.014693021774292 227
1732020784996 2.014693021774292 228
1732020785021 2.014693021774292 229
1732020785045 2.014693021774292 230
1732020785069 2.014693021774292 231
1732020785094 2.014693021774292 232
1732020785115 2.014693021774292 233
1732020785139 2.014693021774292 234
1732020785161 2.014693021774292 235
1732020785184 2.014693021774292 236
1732020785214 2.014693021774292 237
1732020785237 2.014693021774292 238
1732020785262 2.014693021774292 239
1732020785285 2.014693021774292 240
1732020785310 2.014693021774292 241
1732020785338 2.014693021774292 242
1732020785359 2.014693021774292 243
1732020785382 2.014693021774292 244
1732020785405 2.014693021774292 245
1732020785431 2.014693021774292 246
1732020785454 2.014693021774292 247
1732020785481 2.014693021774292 248
1732020785505 2.014693021774292 249
1732020785528 2.014693021774292 250
1732020785551 2.014693021774292 251
1732020785573 2.014693021774292 252
1732020785597 2.014693021774292 253
1732020785621 2.014693021774292 254
1732020785645 2.014693021774292 255
1732020785668 2.014693021774292 256
1732020785693 2.014693021774292 257
1732020785719 2.014693021774292 258
1732020785745 2.014693021774292 259
1732020785769 2.014693021774292 260
1732020785793 2.014693021774292 261
1732020785818 2.014693021774292 262
1732020785843 2.014693021774292 263
1732020785867 2.014693021774292 264
1732020785891 2.014693021774292 265
1732020785912 2.014693021774292 266
1732020785935 2.014693021774292 267
1732020785958 2.014693021774292 268
1732020785979 2.014693021774292 269
1732020786003 2.014693021774292 270
1732020786029 2.014693021774292 271
1732020786053 2.014693021774292 272
1732020786078 2.014693021774292 273
1732020786100 2.014693021774292 274
1732020786124 2.014693021774292 275
1732020786149 2.014693021774292 276
1732020786172 2.014693021774292 277
1732020786193 2.014693021774292 278
1732020786218 2.014693021774292 279
1732020786249 2.014693021774292 280
1732020786283 2.014693021774292 281
1732020786318 2.014693021774292 282
1732020786349 2.014693021774292 283
1732020786375 2.014693021774292 284
1732020786399 2.014693021774292 285
1732020786423 2.014693021774292 286
1732020786446 2.014693021774292 287
1732020786469 2.014693021774292 288
1732020786493 2.014693021774292 289
1732020786517 2.014693021774292 290
1732020786541 2.014693021774292 291
1732020786564 2.014693021774292 292
1732020786589 2.014693021774292 293
1732020786613 2.014693021774292 294
1732020786638 2.014693021774292 295
1732020786661 2.014693021774292 296
1732020786685 2.014693021774292 297
1732020786709 2.014693021774292 298
1732020786733 2.014693021774292 299
1732020786755 2.014693021774292 300
1732020786777 2.014693021774292 301
1732020786799 2.014693021774292 302
1732020786821 2.014693021774292 303
1732020786842 2.014693021774292 304
1732020786864 2.014693021774292 305
1732020786887 2.014693021774292 306
1732020786909 2.014693021774292 307
1732020786931 2.014693021774292 308
1732020786954 2.014693021774292 309
1732020786976 2.014693021774292 310
1732020786997 2.014693021774292 311
1732020787021 2.014693021774292 312
1732020787044 2.014693021774292 313
1732020787067 2.014693021774292 314
1732020787089 2.014693021774292 315
1732020787114 2.014693021774292 316
1732020787138 2.014693021774292 317
1732020787163 2.014693021774292 318
1732020787189 2.014693021774292 319
1732020787212 2.014693021774292 320
1732020787236 2.014693021774292 321
1732020787260 2.014693021774292 322
1732020787283 2.014693021774292 323
1732020787306 2.014693021774292 324
1732020787331 2.014693021774292 325
1732020787355 2.014693021774292 326
1732020787380 2.014693021774292 327
1732020787404 2.014693021774292 328
1732020787429 2.014693021774292 329
1732020787453 2.014693021774292 330
1732020787478 2.014693021774292 331
1732020787503 2.014693021774292 332
1732020787526 2.014693021774292 333
1732020787550 2.014693021774292 334
1732020787574 2.014693021774292 335
1732020787599 2.014693021774292 336
1732020787620 2.014693021774292 337
1732020787645 2.014693021774292 338
1732020787668 2.014693021774292 339
1732020787692 2.014693021774292 340
1732020787717 2.014693021774292 341
1732020787739 2.014693021774292 342
1732020787764 2.014693021774292 343
1732020787788 2.014693021774292 344
1732020787816 2.014693021774292 345
1732020787848 2.014693021774292 346
1732020787876 2.014693021774292 347
1732020787898 2.014693021774292 348
1732020787928 2.014693021774292 349
1732020787955 2.014693021774292 350
1732020787981 2.014693021774292 351
1732020788004 2.014693021774292 352
1732020788028 2.014693021774292 353
1732020788049 2.014693021774292 354
1732020788071 2.014693021774292 355
1732020788094 2.014693021774292 356
1732020788119 2.014693021774292 357
1732020788142 2.014693021774292 358
1732020788164 2.014693021774292 359
1732020788186 2.014693021774292 360
1732020788207 2.014693021774292 361
1732020788229 2.014693021774292 362
1732020788252 2.014693021774292 363
1732020788275 2.014693021774292 364
1732020788296 2.014693021774292 365
1732020788318 2.014693021774292 366
1732020788341 2.014693021774292 367
1732020788366 2.014693021774292 368
1732020788389 2.014693021774292 369
1732020788414 2.014693021774292 370
1732020788437 2.014693021774292 371
1732020788459 2.014693021774292 372
1732020788480 2.014693021774292 373
1732020788503 2.014693021774292 374
1732020788528 2.014693021774292 375
1732020788549 2.014693021774292 376
1732020788574 2.014693021774292 377
1732020788599 2.014693021774292 378
1732020788623 2.014693021774292 379
1732020788646 2.014693021774292 380
1732020788668 2.014693021774292 381
1732020788691 2.014693021774292 382
1732020788713 2.014693021774292 383
1732020788734 2.014693021774292 384
1732020788757 2.014693021774292 385
1732020788781 2.014693021774292 386
1732020788804 2.014693021774292 387
1732020788826 2.014693021774292 388
1732020788854 2.014693021774292 389
1732020788888 2.014693021774292 390
1732020788922 2.014693021774292 391
1732020788957 2.014693021774292 392
1732020788990 2.014693021774292 393
1732020789013 2.014693021774292 394
1732020789039 2.014693021774292 395
1732020789064 2.014693021774292 396
1732020789089 2.014693021774292 397
1732020789111 2.014693021774292 398
1732020789135 2.014693021774292 399
1732020789158 2.014693021774292 400
1732020789181 2.014693021774292 401
1732020789203 2.014693021774292 402
1732020789227 2.014693021774292 403
1732020789250 2.014693021774292 404
1732020789275 2.014693021774292 405
1732020789299 2.014693021774292 406
1732020789321 2.014693021774292 407
1732020789344 2.014693021774292 408
1732020789367 2.014693021774292 409
1732020789388 2.014693021774292 410
1732020789411 2.014693021774292 411
1732020789434 2.014693021774292 412
1732020789459 2.014693021774292 413
1732020789483 2.014693021774292 414
1732020789506 2.014693021774292 415
1732020789531 2.014693021774292 416
1732020789553 2.014693021774292 417
1732020789575 2.014693021774292 418
1732020789598 2.014693021774292 419
1732020789621 2.014693021774292 420
1732020789642 2.014693021774292 421
1732020789663 2.014693021774292 422
1732020789686 2.014693021774292 423
1732020789708 2.014693021774292 424
1732020789731 2.014693021774292 425
1732020789753 2.014693021774292 426
1732020789777 2.014693021774292 427
1732020789800 2.014693021774292 428
1732020789821 2.014693021774292 429
1732020789844 2.014693021774292 430
1732020789866 2.014693021774292 431
1732020789888 2.014693021774292 432
1732020789910 2.014693021774292 433
1732020789933 2.014693021774292 434
1732020789958 2.014693021774292 435
1732020789987 2.014693021774292 436
1732020790013 2.014693021774292 437
1732020790038 2.014693021774292 438
1732020790066 2.014693021774292 439
1732020790093 2.014693021774292 440
1732020790117 2.014693021774292 441
1732020790142 2.014693021774292 442
1732020790165 2.014693021774292 443
1732020790188 2.014693021774292 444
1732020790213 2.014693021774292 445
1732020790236 2.014693021774292 446
1732020790258 2.014693021774292 447
1732020790283 2.014693021774292 448
1732020790306 2.014693021774292 449
1732020790328 2.014693021774292 450
1732020790349 2.014693021774292 451
1732020790371 2.014693021774292 452
1732020790394 2.014693021774292 453
1732020790417 2.014693021774292 454
1732020790440 2.014693021774292 455
1732020790464 2.014693021774292 456
1732020790489 2.014693021774292 457
1732020790513 2.014693021774292 458
1732020790536 2.014693021774292 459
1732020790559 2.014693021774292 460
1732020790582 2.014693021774292 461
1732020790604 2.014693021774292 462
1732020790626 2.014693021774292 463
1732020790649 2.014693021774292 464
1732020790672 2.014693021774292 465
1732020790693 2.014693021774292 466
1732020790715 2.014693021774292 467
1732020790738 2.014693021774292 468
1732020790760 2.014693021774292 469
1732020790790 2.014693021774292 470
1732020790813 2.014693021774292 471
1732020790836 2.014693021774292 472
1732020790859 2.014693021774292 473
1732020790883 2.014693021774292 474
1732020790905 2.014693021774292 475
1732020790929 2.014693021774292 476
1732020790952 2.014693021774292 477
1732020790975 2.014693021774292 478
1732020790998 2.014693021774292 479
1732020791025 2.014693021774292 480
1732020791050 2.014693021774292 481
1732020791074 2.014693021774292 482
1732020791097 2.014693021774292 483
1732020791123 2.014693021774292 484
1732020791153 2.014693021774292 485
1732020791178 2.014693021774292 486
1732020791203 2.014693021774292 487
1732020791233 2.014693021774292 488
1732020791259 2.014693021774292 489
1732020791284 2.014693021774292 490
1732020791306 2.014693021774292 491
1732020791329 2.014693021774292 492
1732020791352 2.014693021774292 493
1732020791377 2.014693021774292 494
1732020791401 2.014693021774292 495
1732020791426 2.014693021774292 496
1732020791450 2.014693021774292 497
1732020791476 2.014693021774292 498
1732020791501 2.014693021774292 499
1732020791524 2.014693021774292 500
1732020791555 2.014693021774292 501
1732020791581 2.014693021774292 502
1732020791603 2.014693021774292 503
1732020791626 2.014693021774292 504
1732020791648 2.014693021774292 505
1732020791673 2.014693021774292 506
1732020791697 2.014693021774292 507
1732020791720 2.014693021774292 508
1732020791742 2.014693021774292 509
1732020791767 2.014693021774292 510
1732020791791 2.014693021774292 511
1732020791815 2.014693021774292 512
1732020791837 2.014693021774292 513
1732020791859 2.014693021774292 514
1732020791882 2.014693021774292 515
1732020791904 2.014693021774292 516
1732020791925 2.014693021774292 517
1732020791948 2.014693021774292 518
1732020791971 2.014693021774292 519
1732020791992 2.014693021774292 520
1732020792015 2.014693021774292 521
1732020792038 2.014693021774292 522
1732020792061 2.014693021774292 523
1732020792082 2.014693021774292 524
1732020792105 2.014693021774292 525
1732020792128 2.014693021774292 526
1732020792150 2.014693021774292 527
1732020792171 2.014693021774292 528
1732020792194 2.014693021774292 529
1732020792217 2.014693021774292 530
1732020792238 2.014693021774292 531
1732020792261 2.014693021774292 532
1732020792284 2.014693021774292 533
1732020792311 2.014693021774292 534
1732020792336 2.014693021774292 535
1732020792358 2.014693021774292 536
1732020792381 2.014693021774292 537
1732020792404 2.014693021774292 538
1732020792427 2.014693021774292 539
1732020792452 2.014693021774292 540
1732020792474 2.014693021774292 541
1732020792497 2.014693021774292 542
1732020792518 2.014693021774292 543
1732020792543 2.014693021774292 544
1732020792565 2.014693021774292 545
1732020792591 2.014693021774292 546
1732020792618 2.014693021774292 547
1732020792639 2.014693021774292 548
1732020792662 2.014693021774292 549
1732020792684 2.014693021774292 550
1732020792706 2.014693021774292 551
1732020792728 2.014693021774292 552
1732020792751 2.014693021774292 553
1732020792773 2.014693021774292 554
1732020792797 2.014693021774292 555
1732020792821 2.014693021774292 556
1732020792843 2.014693021774292 557
1732020792866 2.014693021774292 558
1732020792887 2.014693021774292 559
1732020792910 2.014693021774292 560
1732020792932 2.014693021774292 561
1732020792954 2.014693021774292 562
1732020792976 2.014693021774292 563
1732020792998 2.014693021774292 564
1732020793021 2.014693021774292 565
1732020793043 2.014693021774292 566
1732020793065 2.014693021774292 567
1732020793092 2.014693021774292 568
1732020793118 2.014693021774292 569
1732020793142 2.014693021774292 570
1732020793165 2.014693021774292 571
1732020793192 2.014693021774292 572
1732020793217 2.014693021774292 573
1732020793244 2.014693021774292 574
1732020793269 2.014693021774292 575
1732020793297 2.014693021774292 576
1732020793320 2.014693021774292 577
1732020793349 2.014693021774292 578
1732020793373 2.014693021774292 579
1732020793400 2.014693021774292 580
1732020793427 2.014693021774292 581
1732020793454 2.014693021774292 582
1732020793479 2.014693021774292 583
1732020793509 2.014693021774292 584
1732020793535 2.014693021774292 585
1732020793562 2.014693021774292 586
1732020793588 2.014693021774292 587
1732020793617 2.014693021774292 588
