1732020779382 1.9912385940551758 0
1732020779406 1.9785077571868896 1
1732020779456 1.9523041248321533 2
1732020779491 1.920182466506958 3
1732020779521 1.8985910415649414 4
1732020779559 1.8925673961639404 5
1732020779594 1.8861265182495117 6
1732020779626 1.879899024963379 7
1732020779668 1.8732824325561523 8
1732020779697 1.8662644624710083 9
1732020779725 1.8588440418243408 10
1732020779753 1.850867509841919 11
1732020779788 1.8424668312072754 12
1732020779822 1.8345754146575928 13
1732020779859 1.8261679410934448 14
1732020779887 1.8171651363372803 15
1732020779915 1.807570457458496 16
1732020779942 1.7977170944213867 17
1732020779966 1.787055492401123 18
1732020779990 1.7754076719284058 19
1732020780015 1.7625107765197754 20
1732020780037 1.7479307651519775 21
1732020780061 1.7311244010925293 22
1732020780085 1.7214256525039673 23
1732020780108 1.7113471031188965 24
1732020780130 1.7004973888397217 25
1732020780155 1.6887176036834717 26
1732020780179 1.6757649183273315 27
1732020780203 1.661157250404358 28
1732020780227 1.6463289260864258 29
1732020780253 1.636865496635437 30
1732020780277 1.6291254758834839 31
1732020780303 1.6217578649520874 32
1732020780326 1.6139516830444336 33
1732020780351 1.6061378717422485 34
1732020780383 1.5999834537506104 35
1732020780408 1.5957026481628418 36
1732020780431 1.5912901163101196 37
1732020780458 1.5867384672164917 38
1732020780483 1.5820392370224 39
1732020780506 1.577183723449707 40
1732020780529 1.57216215133667 41
1732020780552 1.5669641494750977 42
1732020780575 1.5615777969360352 43
1732020780597 1.5561667680740356 44
1732020780620 1.5524941682815552 45
1732020780642 1.548889398574829 46
1732020780664 1.5454434156417847 47
1732020780688 1.541907548904419 48
1732020780710 1.5382755994796753 49
1732020780733 1.5345402956008911 50
1732020780757 1.5306942462921143 51
1732020780778 1.5267276763916016 52
1732020780805 1.5226290225982666 53
1732020780832 1.5183848142623901 54
1732020780855 1.5143771171569824 55
1732020780877 1.5102118253707886 56
1732020780900 1.5058510303497314 57
1732020780927 1.5012469291687012 58
1732020780951 1.4963128566741943 59
1732020780975 1.4908164739608765 60
1732020780999 1.4862693548202515 61
1732020781026 1.4820090532302856 62
1732020781051 1.4786863327026367 63
1732020781075 1.4754903316497803 64
1732020781100 1.4722094535827637 65
1732020781123 1.4688390493392944 66
1732020781147 1.4653728008270264 67
1732020781171 1.4618042707443237 68
1732020781197 1.458126425743103 69
1732020781224 1.454331398010254 70
1732020781248 1.4504103660583496 71
1732020781273 1.4469082355499268 72
1732020781297 1.4434232711791992 73
1732020781328 1.4398378133773804 74
1732020781356 1.4361441135406494 75
1732020781383 1.4323344230651855 76
1732020781407 1.4283993244171143 77
1732020781431 1.424328327178955 78
1732020781454 1.4201104640960693 79
1732020781476 1.41573166847229 80
1732020781500 1.4111766815185547 81
1732020781522 1.4064279794692993 82
1732020781545 1.4014644622802734 83
1732020781569 1.3965821266174316 84
1732020781591 1.3914974927902222 85
1732020781615 1.3861587047576904 86
1732020781640 1.3805333375930786 87
1732020781664 1.374582052230835 88
1732020781688 1.368255853652954 89
1732020781711 1.3614931106567383 90
1732020781738 1.3542124032974243 91
1732020781770 1.3463799953460693 92
1732020781800 1.3391776084899902 93
1732020781831 1.3323819637298584 94
1732020781860 1.326472282409668 95
1732020781885 1.3201931715011597 96
1732020781912 1.3134803771972656 97
1732020781939 1.3068182468414307 98
1732020781964 1.2999603748321533 99
1732020781986 1.2923895120620728 100
1732020782012 1.2837687730789185 101
1732020782036 1.2751563787460327 102
1732020782059 1.2682726383209229 103
1732020782080 1.2657573223114014 104
1732020782104 1.263102650642395 105
1732020782127 1.2602871656417847 106
1732020782154 1.2572840452194214 107
1732020782179 1.2540568113327026 108
1732020782204 1.2505576610565186 109
1732020782229 1.2467206716537476 110
1732020782254 1.2424495220184326 111
1732020782280 1.237595796585083 112
1732020782306 1.2319077253341675 113
1732020782329 1.2248889207839966 114
1732020782353 1.2152018547058105 115
1732020782377 1.2058677673339844 116
1732020782401 1.2054435014724731 117
1732020782427 1.2050144672393799 118
1732020782449 1.2045806646347046 119
1732020782473 1.204141616821289 120
1732020782499 1.2036974430084229 121
1732020782525 1.2032477855682373 122
1732020782550 1.2027924060821533 123
1732020782575 1.2023310661315918 124
1732020782601 1.2022087574005127 125
1732020782626 1.2021815776824951 126
1732020782651 1.2021543979644775 127
1732020782680 1.2021269798278809 128
1732020782705 1.2020994424819946 129
1732020782727 1.202072024345398 130
1732020782751 1.2020443677902222 131
1732020782776 1.2020167112350464 132
1732020782800 1.201988935470581 133
1732020782823 1.2019611597061157 134
1732020782847 1.2019331455230713 135
1732020782870 1.2019052505493164 136
1732020782894 1.2018771171569824 137
1732020782919 1.201849102973938 138
1732020782941 1.2018208503723145 139
1732020782965 1.2017924785614014 140
1732020782989 1.2017641067504883 141
1732020783015 1.2017357349395752 142
1732020783037 1.201707124710083 143
1732020783062 1.2016785144805908 144
1732020783088 1.2016496658325195 145
1732020783113 1.2016208171844482 146
1732020783143 1.201591968536377 147
1732020783167 1.2015631198883057 148
1732020783189 1.2015340328216553 149
1732020783211 1.2015049457550049 150
1732020783233 1.201475739479065 151
1732020783256 1.201446294784546 152
1732020783278 1.2014169692993164 153
1732020783301 1.2013874053955078 154
1732020783323 1.2013578414916992 155
1732020783344 1.201328158378601 156
1732020783366 1.2012983560562134 157
1732020783388 1.2012685537338257 158
1732020783409 1.2012386322021484 159
1732020783432 1.2012085914611816 160
1732020783454 1.2011785507202148 161
1732020783476 1.2011483907699585 162
1732020783498 1.201117992401123 163
1732020783521 1.2010875940322876 164
1732020783544 1.2010571956634521 165
1732020783569 1.2010266780853271 166
1732020783591 1.2009960412979126 167
1732020783614 1.200965166091919 168
1732020783637 1.2009344100952148 169
1732020783658 1.2009034156799316 170
1732020783680 1.2008724212646484 171
1732020783703 1.2008413076400757 172
1732020783725 1.2008100748062134 173
1732020783748 1.200778841972351 174
1732020783772 1.2007474899291992 175
1732020783795 1.2007158994674683 176
1732020783818 1.2006841897964478 177
1732020783840 1.2006525993347168 178
1732020783863 1.2006208896636963 179
1732020783886 1.2005889415740967 180
1732020783908 1.200556993484497 181
1732020783932 1.200524926185608 182
1732020783955 1.2004928588867188 183
1732020783978 1.2004605531692505 184
1732020784000 1.2004281282424927 185
1732020784023 1.2003955841064453 186
1732020784046 1.200363039970398 187
1732020784069 1.200330376625061 188
1732020784090 1.2002975940704346 189
1732020784115 1.2002646923065186 190
1732020784138 1.2002317905426025 191
1732020784160 1.200198769569397 192
1732020784181 1.2001655101776123 193
1732020784203 1.200132131576538 194
1732020784225 1.2000987529754639 195
1732020784247 1.2000653743743896 196
1732020784271 1.2000315189361572 197
1732020784295 1.199997901916504 198
1732020784318 1.1999640464782715 199
1732020784339 1.199930191040039 200
1732020784362 1.1998960971832275 201
1732020784386 1.199862003326416 202
1732020784409 1.1998276710510254 203
1732020784431 1.1997933387756348 204
1732020784454 1.199758768081665 205
1732020784477 1.1997241973876953 206
1732020784499 1.1996896266937256 207
1732020784523 1.1996548175811768 208
1732020784547 1.1996197700500488 209
1732020784570 1.1995848417282104 210
1732020784592 1.199549674987793 211
1732020784614 1.199514389038086 212
1732020784637 1.199479103088379 213
1732020784659 1.1994435787200928 214
1732020784680 1.199407935142517 215
1732020784703 1.1993721723556519 216
1732020784731 1.199336290359497 217
1732020784759 1.1993004083633423 218
1732020784782 1.1992642879486084 219
1732020784804 1.1992340087890625 220
1732020784830 1.1992061138153076 221
1732020784855 1.1991782188415527 222
1732020784877 1.1991500854492188 223
1732020784898 1.1991219520568848 224
1732020784925 1.1990933418273926 225
1732020784951 1.1990649700164795 226
1732020784976 1.1990365982055664 227
1732020785001 1.1990077495574951 228
1732020785026 1.1989790201187134 229
1732020785049 1.1989500522613525 230
1732020785073 1.1989210844039917 231
1732020785097 1.1988918781280518 232
1732020785120 1.1988626718521118 233
1732020785143 1.1988332271575928 234
1732020785165 1.1988039016723633 235
1732020785188 1.1987742185592651 236
1732020785220 1.1987444162368774 237
1732020785242 1.1987147331237793 238
1732020785266 1.1986846923828125 239
1732020785289 1.1986545324325562 240
1732020785316 1.1986243724822998 241
1732020785342 1.1985938549041748 242
1732020785363 1.1985633373260498 243
1732020785386 1.1985329389572144 244
1732020785409 1.1985020637512207 245
1732020785436 1.1984713077545166 246
1732020785460 1.1984403133392334 247
1732020785485 1.198409080505371 248
1732020785509 1.1983778476715088 249
1732020785532 1.1983463764190674 250
1732020785555 1.198314905166626 251
1732020785577 1.1982831954956055 252
1732020785601 1.1982512474060059 253
1732020785625 1.1982192993164062 254
1732020785649 1.1981873512268066 255
1732020785674 1.1981549263000488 256
1732020785697 1.1981226205825806 257
1732020785725 1.1980900764465332 258
1732020785749 1.1980574131011963 259
1732020785774 1.1980245113372803 260
1732020785798 1.1979916095733643 261
1732020785822 1.1979583501815796 262
1732020785847 1.197925090789795 263
1732020785871 1.1978915929794312 264
1732020785895 1.1978579759597778 265
1732020785916 1.197824239730835 266
1732020785939 1.1977903842926025 267
1732020785962 1.197756290435791 268
1732020785984 1.1977219581604004 269
1732020786007 1.1976873874664307 270
1732020786033 1.19765305519104 271
1732020786058 1.1976182460784912 272
1732020786082 1.1975831985473633 273
1732020786104 1.1975481510162354 274
1732020786128 1.1975128650665283 275
1732020786153 1.1974775791168213 276
1732020786176 1.197441816329956 277
1732020786197 1.1974060535430908 278
1732020786223 1.1973700523376465 279
1732020786256 1.197333812713623 280
1732020786290 1.1972975730895996 281
1732020786326 1.1972609758377075 282
1732020786355 1.1972243785858154 283
1732020786379 1.1971874237060547 284
1732020786403 1.1971503496170044 285
1732020786427 1.197113037109375 286
1732020786451 1.1970754861831665 287
1732020786473 1.197037935256958 288
1732020786496 1.1969997882843018 289
1732020786521 1.196961760520935 290
1732020786546 1.1969234943389893 291
1732020786568 1.196885108947754 292
1732020786593 1.1968462467193604 293
1732020786618 1.1968073844909668 294
1732020786642 1.196768045425415 295
1732020786666 1.1967287063598633 296
1732020786689 1.1966891288757324 297
1732020786713 1.196649432182312 298
1732020786737 1.1966092586517334 299
1732020786759 1.1965689659118652 300
1732020786780 1.196528434753418 301
1732020786803 1.1964879035949707 302
1732020786825 1.1964467763900757 303
1732020786846 1.1964056491851807 304
1732020786868 1.196364164352417 305
1732020786890 1.1963225603103638 306
1732020786913 1.1962804794311523 307
1732020786935 1.1962382793426514 308
1732020786957 1.1961958408355713 309
1732020786980 1.196153163909912 310
1732020787002 1.1961102485656738 311
1732020787025 1.1960670948028564 312
1732020787048 1.1960234642028809 313
1732020787071 1.1959797143936157 314
1732020787094 1.1959402561187744 315
1732020787118 1.1959147453308105 316
1732020787143 1.195888876914978 317
1732020787168 1.195863127708435 318
1732020787193 1.1958372592926025 319
1732020787216 1.1958112716674805 320
1732020787240 1.1957852840423584 321
1732020787264 1.1957592964172363 322
1732020787288 1.1957330703735352 323
1732020787311 1.195706844329834 324
1732020787335 1.1956806182861328 325
1732020787359 1.195654273033142 326
1732020787384 1.1956278085708618 327
1732020787410 1.1956013441085815 328
1732020787433 1.1955747604370117 329
1732020787457 1.195548176765442 330
1732020787482 1.1955214738845825 331
1732020787507 1.1954948902130127 332
1732020787531 1.1954679489135742 333
1732020787554 1.1954410076141357 334
1732020787579 1.1954140663146973 335
1732020787602 1.1953870058059692 336
1732020787626 1.1953598260879517 337
1732020787649 1.195332646369934 338
1732020787672 1.195305347442627 339
1732020787697 1.1952779293060303 340
1732020787721 1.1952506303787231 341
1732020787743 1.195223093032837 342
1732020787769 1.1951955556869507 343
1732020787793 1.195167899131775 344
1732020787821 1.1951401233673096 345
1732020787853 1.1951124668121338 346
1732020787880 1.195084571838379 347
1732020787905 1.1950565576553345 348
1732020787932 1.19502854347229 349
1732020787960 1.195000410079956 350
1732020787984 1.1949721574783325 351
1732020788008 1.194943904876709 352
1732020788032 1.1949156522750854 353
1732020788053 1.1948871612548828 354
1732020788075 1.1948585510253906 355
1732020788098 1.194830060005188 356
1732020788124 1.1948013305664062 357
1732020788145 1.194772720336914 358
1732020788167 1.1947436332702637 359
1732020788190 1.1947147846221924 360
1732020788211 1.194685697555542 361
1732020788233 1.1946567296981812 362
1732020788255 1.1946275234222412 363
1732020788279 1.1945981979370117 364
1732020788300 1.1945688724517822 365
1732020788322 1.1945393085479736 366
1732020788345 1.1945099830627441 367
1732020788370 1.194480299949646 368
1732020788393 1.1944506168365479 369
1732020788418 1.1944208145141602 370
1732020788441 1.1943907737731934 371
1732020788463 1.1943609714508057 372
1732020788484 1.1943308115005493 373
1732020788506 1.194300651550293 374
1732020788531 1.194270372390747 375
1732020788555 1.194239854812622 376
1732020788579 1.1942095756530762 377
1732020788603 1.1941790580749512 378
1732020788627 1.1941485404968262 379
1732020788651 1.194117546081543 380
1732020788672 1.1940867900848389 381
1732020788694 1.1940557956695557 382
1732020788717 1.194024920463562 383
1732020788738 1.1939938068389893 384
1732020788761 1.193962574005127 385
1732020788785 1.1939311027526855 386
1732020788808 1.1938997507095337 387
1732020788831 1.1938682794570923 388
1732020788860 1.1938366889953613 389
1732020788895 1.1938049793243408 390
1732020788930 1.1937730312347412 391
1732020788963 1.1937410831451416 392
1732020788994 1.1937090158462524 393
1732020789019 1.1936768293380737 394
1732020789043 1.1936445236206055 395
1732020789068 1.1936122179031372 396
1732020789093 1.1935796737670898 397
1732020789116 1.193547010421753 398
1732020789138 1.1935144662857056 399
1732020789162 1.193481683731079 400
1732020789185 1.1934486627578735 401
1732020789208 1.193415641784668 402
1732020789231 1.1933825016021729 403
1732020789254 1.1933491230010986 404
1732020789279 1.1933157444000244 405
1732020789304 1.193282127380371 406
1732020789325 1.1932486295700073 407
1732020789348 1.1932148933410645 408
1732020789371 1.193181037902832 409
1732020789393 1.19314706325531 410
1732020789415 1.193112850189209 411
1732020789438 1.1930787563323975 412
1732020789463 1.1930444240570068 413
1732020789488 1.193009853363037 414
1732020789510 1.1929752826690674 415
1732020789534 1.1929404735565186 416
1732020789557 1.1929056644439697 417
1732020789580 1.1928706169128418 418
1732020789602 1.1928355693817139 419
1732020789624 1.1928002834320068 420
1732020789646 1.1927648782730103 421
1732020789667 1.1927292346954346 422
1732020789689 1.1926937103271484 423
1732020789712 1.1926578283309937 424
1732020789736 1.1926219463348389 425
1732020789757 1.1925859451293945 426
1732020789781 1.192549705505371 427
1732020789804 1.1925134658813477 428
1732020789824 1.1924768686294556 429
1732020789847 1.1924402713775635 430
1732020789870 1.1924035549163818 431
1732020789892 1.192366361618042 432
1732020789914 1.1923294067382812 433
1732020789937 1.1922922134399414 434
1732020789963 1.1922547817230225 435
1732020789992 1.1922173500061035 436
1732020790019 1.1921796798706055 437
1732020790044 1.1921417713165283 438
1732020790071 1.192103624343872 439
1732020790097 1.1920655965805054 440
1732020790121 1.1920273303985596 441
1732020790146 1.1919888257980347 442
1732020790171 1.1919503211975098 443
1732020790193 1.1919114589691162 444
1732020790217 1.1918723583221436 445
1732020790240 1.191833257675171 446
1732020790264 1.1917939186096191 447
1732020790287 1.1917545795440674 448
1732020790309 1.1917147636413574 449
1732020790332 1.1916749477386475 450
1732020790354 1.191635012626648 451
1732020790375 1.1915948390960693 452
1732020790398 1.1915545463562012 453
1732020790422 1.1915138959884644 454
1732020790444 1.1914732456207275 455
1732020790467 1.191432237625122 456
1732020790494 1.191391110420227 457
1732020790517 1.1913498640060425 458
1732020790541 1.1913082599639893 459
1732020790563 1.1912665367126465 460
1732020790586 1.1912248134613037 461
1732020790608 1.1911827325820923 462
1732020790630 1.1911404132843018 463
1732020790653 1.1910979747772217 464
1732020790676 1.191055178642273 465
1732020790698 1.1910122632980347 466
1732020790719 1.1909691095352173 467
1732020790741 1.1909258365631104 468
1732020790764 1.1908822059631348 469
1732020790794 1.19083833694458 470
1732020790817 1.1907943487167358 471
1732020790840 1.1907501220703125 472
1732020790863 1.1907055377960205 473
1732020790888 1.190660834312439 474
1732020790909 1.1906160116195679 475
1732020790933 1.1905708312988281 476
1732020790955 1.1905252933502197 477
1732020790979 1.1904796361923218 478
1732020791003 1.1904337406158447 479
1732020791029 1.190387487411499 480
1732020791054 1.1903408765792847 481
1732020791078 1.1902941465377808 482
1732020791103 1.1902470588684082 483
1732020791130 1.190199851989746 484
1732020791158 1.1901521682739258 485
1732020791182 1.1901042461395264 486
1732020791210 1.1900560855865479 487
1732020791239 1.1900075674057007 488
1732020791264 1.1899586915969849 489
1732020791289 1.1899094581604004 490
1732020791310 1.1898599863052368 491
1732020791333 1.1898101568222046 492
1732020791356 1.1897599697113037 493
1732020791382 1.1897093057632446 494
1732020791406 1.1896584033966064 495
1732020791430 1.1896069049835205 496
1732020791454 1.1895549297332764 497
1732020791480 1.1895027160644531 498
1732020791505 1.1894497871398926 499
1732020791529 1.1893965005874634 500
1732020791560 1.1893424987792969 501
1732020791584 1.1892876625061035 502
1732020791607 1.1892321109771729 503
1732020791630 1.1891752481460571 504
1732020791653 1.1891162395477295 505
1732020791677 1.1890655755996704 506
1732020791701 1.189021110534668 507
1732020791724 1.1889762878417969 508
1732020791748 1.1889309883117676 509
1732020791771 1.1888854503631592 510
1732020791795 1.1888394355773926 511
1732020791819 1.1887931823730469 512
1732020791842 1.188746452331543 513
1732020791863 1.18869948387146 514
1732020791885 1.1886520385742188 515
1732020791908 1.1886042356491089 516
1732020791929 1.18855619430542 517
1732020791951 1.1885075569152832 518
1732020791975 1.1884585618972778 519
1732020791997 1.1884090900421143 520
1732020792018 1.188359260559082 521
1732020792041 1.1883091926574707 522
1732020792065 1.1882586479187012 523
1732020792087 1.1882076263427734 524
1732020792109 1.1881561279296875 525
1732020792132 1.1881041526794434 526
1732020792154 1.1880518198013306 527
1732020792175 1.1879990100860596 528
1732020792198 1.18794584274292 529
1732020792221 1.187892198562622 530
1732020792242 1.1878379583358765 531
1732020792264 1.1877832412719727 532
1732020792288 1.1877281665802002 533
1732020792315 1.1876726150512695 534
1732020792341 1.1876165866851807 535
1732020792362 1.1875598430633545 536
1732020792385 1.1875027418136597 537
1732020792408 1.1874451637268066 538
1732020792433 1.1873869895935059 539
1732020792455 1.1873283386230469 540
1732020792478 1.1872690916061401 541
1732020792501 1.1872093677520752 542
1732020792523 1.1871490478515625 543
1732020792547 1.187088131904602 544
1732020792569 1.1870266199111938 545
1732020792596 1.186964750289917 546
1732020792622 1.1869020462036133 547
1732020792643 1.1868387460708618 548
1732020792665 1.1867749691009521 549
1732020792688 1.1867105960845947 550
1732020792711 1.1866455078125 551
1732020792732 1.186579704284668 552
1732020792754 1.1865134239196777 553
1732020792778 1.1864464282989502 554
1732020792802 1.1863787174224854 555
1732020792825 1.1863102912902832 556
1732020792847 1.1862411499023438 557
1732020792870 1.186171531677246 558
1732020792891 1.186100959777832 559
1732020792913 1.1860299110412598 560
1732020792936 1.185957908630371 561
1732020792958 1.1858851909637451 562
1732020792980 1.1858117580413818 563
1732020793002 1.1857373714447021 564
1732020793025 1.1856625080108643 565
1732020793047 1.1855864524841309 566
1732020793070 1.1855099201202393 567
1732020793098 1.1854324340820312 568
1732020793122 1.1853539943695068 569
1732020793148 1.1852748394012451 570
1732020793169 1.185194730758667 571
1732020793197 1.1851136684417725 572
1732020793221 1.1850318908691406 573
1732020793249 1.1849489212036133 574
1732020793273 1.184865117073059 575
1732020793301 1.1847803592681885 576
1732020793324 1.1846946477890015 577
1732020793353 1.184607744216919 578
1732020793377 1.1845200061798096 579
1732020793405 1.1844310760498047 580
1732020793431 1.1843411922454834 581
1732020793460 1.1842501163482666 582
1732020793486 1.1841580867767334 583
1732020793515 1.1840647459030151 584
1732020793543 1.1839702129364014 585
1732020793566 1.1838747262954712 586
1732020793595 1.1838717460632324 587
1732020793621 1.1838717460632324 588
