1732020779384 0.0 0
1732020779408 0.0 1
1732020779460 0.0 2
1732020779493 0.0 3
1732020779524 0.0 4
1732020779562 0.0 5
1732020779597 0.0 6
1732020779630 0.0 7
1732020779671 0.0 8
1732020779699 0.0 9
1732020779727 0.0 10
1732020779755 0.0 11
1732020779790 0.0 12
1732020779826 0.0 13
1732020779862 0.0 14
1732020779890 0.0 15
1732020779918 0.0 16
1732020779944 0.0 17
1732020779968 0.0 18
1732020779992 0.0 19
1732020780017 0.0 20
1732020780039 0.0 21
1732020780063 0.0 22
1732020780087 0.0 23
1732020780110 0.0 24
1732020780132 0.0 25
1732020780157 0.0 26
1732020780181 0.0 27
1732020780205 0.0 28
1732020780229 0.0 29
1732020780255 0.0 30
1732020780279 0.0 31
1732020780305 0.0 32
1732020780328 0.0 33
1732020780355 0.0 34
1732020780386 0.0 35
1732020780410 0.0 36
1732020780433 0.0 37
1732020780460 0.0 38
1732020780485 0.0 39
1732020780509 0.0 40
1732020780531 0.0 41
1732020780554 0.0 42
1732020780577 0.0 43
1732020780599 0.0 44
1732020780622 0.0 45
1732020780644 0.0 46
1732020780666 0.0 47
1732020780689 0.0 48
1732020780712 0.0 49
1732020780735 0.0 50
1732020780759 0.0 51
1732020780780 0.0 52
1732020780807 0.0 53
1732020780834 0.0 54
1732020780857 0.0 55
1732020780880 0.0 56
1732020780903 0.0 57
1732020780930 0.0 58
1732020780953 0.0 59
1732020780977 0.0 60
1732020781003 0.0 61
1732020781028 0.0 62
1732020781053 0.0 63
1732020781077 0.0 64
1732020781101 0.0 65
1732020781126 0.0 66
1732020781149 0.0 67
1732020781174 0.0 68
1732020781199 0.0 69
1732020781226 0.0 70
1732020781251 0.0 71
1732020781275 0.0 72
1732020781299 0.0 73
1732020781331 0.0 74
1732020781358 0.0 75
1732020781385 0.0 76
1732020781409 0.0 77
1732020781433 0.0 78
1732020781456 0.0 79
1732020781478 0.0 80
1732020781502 0.0 81
1732020781524 0.0 82
1732020781547 0.0 83
1732020781570 0.0 84
1732020781595 0.0 85
1732020781617 0.0 86
1732020781642 0.0 87
1732020781666 0.0 88
1732020781690 0.0 89
1732020781713 0.0 90
1732020781741 0.0 91
1732020781773 0.0 92
1732020781802 0.0 93
1732020781833 0.0 94
1732020781862 0.0 95
1732020781887 0.0 96
1732020781915 0.0 97
1732020781942 0.0 98
1732020781966 0.0 99
1732020781988 0.0 100
1732020782014 0.0 101
1732020782038 0.0 102
1732020782061 0.0 103
1732020782083 0.0 104
1732020782106 0.0 105
1732020782129 0.0 106
1732020782156 0.0 107
1732020782181 0.0 108
1732020782206 0.0 109
1732020782231 0.0 110
1732020782257 0.0 111
1732020782282 0.0 112
1732020782308 0.0 113
1732020782332 0.0 114
1732020782355 0.0 115
1732020782379 0.0 116
1732020782403 0.0 117
1732020782429 0.0 118
1732020782450 0.0 119
1732020782474 0.0 120
1732020782501 0.0 121
1732020782527 0.0 122
1732020782553 0.0 123
1732020782578 0.0 124
1732020782603 0.0 125
1732020782628 0.0 126
1732020782653 0.0 127
1732020782682 0.0 128
1732020782707 0.0 129
1732020782729 0.0 130
1732020782753 0.0 131
1732020782778 0.0 132
1732020782802 0.0 133
1732020782826 0.0 134
1732020782849 0.0 135
1732020782872 0.0 136
1732020782896 0.0 137
1732020782921 0.0 138
1732020782943 0.0 139
1732020782967 0.0 140
1732020782992 0.0 141
1732020783017 0.0 142
1732020783040 0.0 143
1732020783065 0.0 144
1732020783090 0.0 145
1732020783116 0.0 146
1732020783145 0.0 147
1732020783169 0.0 148
1732020783190 0.0 149
1732020783213 0.0 150
1732020783235 0.0 151
1732020783258 0.0 152
1732020783280 0.0 153
1732020783303 0.0 154
1732020783325 0.0 155
1732020783346 0.0 156
1732020783367 0.0 157
1732020783390 0.0 158
1732020783411 0.0 159
1732020783434 0.0 160
1732020783456 0.0 161
1732020783478 0.0 162
1732020783500 0.0 163
1732020783523 0.0 164
1732020783546 0.0 165
1732020783571 0.0 166
1732020783593 0.0 167
1732020783616 0.0 168
1732020783639 0.0 169
1732020783660 0.0 170
1732020783682 0.0 171
1732020783705 0.0 172
1732020783727 0.0 173
1732020783750 0.0 174
1732020783774 0.0 175
1732020783797 0.0 176
1732020783821 0.0 177
1732020783842 0.0 178
1732020783865 0.0 179
1732020783887 0.0 180
1732020783911 0.0 181
1732020783934 0.0 182
1732020783957 0.0 183
1732020783979 0.0 184
1732020784002 0.0 185
1732020784025 0.0 186
1732020784048 0.0 187
1732020784071 0.0 188
1732020784092 0.0 189
1732020784117 0.0 190
1732020784140 0.0 191
1732020784162 0.0 192
1732020784182 0.0 193
1732020784205 0.0 194
1732020784227 0.0 195
1732020784250 0.0 196
1732020784273 0.0 197
1732020784296 0.0 198
1732020784320 0.0 199
1732020784341 0.0 200
1732020784365 0.0 201
1732020784388 0.0 202
1732020784411 0.0 203
1732020784433 0.0 204
1732020784456 0.0 205
1732020784479 0.0 206
1732020784502 0.0 207
1732020784525 0.0 208
1732020784549 0.0 209
1732020784572 0.0 210
1732020784595 0.0 211
1732020784616 0.0 212
1732020784638 0.0 213
1732020784661 0.0 214
1732020784682 0.0 215
1732020784705 0.0 216
1732020784734 0.0 217
1732020784761 0.0 218
1732020784784 0.0 219
1732020784806 0.0 220
1732020784832 0.0 221
1732020784856 0.0 222
1732020784879 0.0 223
1732020784901 0.0 224
1732020784928 0.0 225
1732020784953 0.0 226
1732020784978 0.0 227
1732020785004 0.0 228
1732020785029 0.0 229
1732020785051 0.0 230
1732020785075 0.0 231
1732020785099 0.0 232
1732020785123 0.0 233
1732020785145 0.0 234
1732020785167 0.0 235
1732020785190 0.0 236
1732020785222 0.0 237
1732020785245 0.0 238
1732020785268 0.0 239
1732020785291 0.0 240
1732020785319 0.0 241
1732020785344 0.0 242
1732020785366 0.0 243
1732020785388 0.0 244
1732020785412 0.0 245
1732020785438 0.0 246
1732020785462 0.0 247
1732020785487 0.0 248
1732020785510 0.0 249
1732020785534 0.0 250
1732020785557 0.0 251
1732020785579 0.0 252
1732020785603 0.0 253
1732020785627 0.0 254
1732020785651 0.0 255
1732020785676 0.0 256
1732020785699 0.0 257
1732020785727 0.0 258
1732020785751 0.0 259
1732020785776 0.0 260
1732020785801 0.0 261
1732020785824 0.0 262
1732020785849 0.0 263
1732020785873 0.0 264
1732020785897 0.0 265
1732020785918 0.0 266
1732020785941 0.0 267
1732020785964 0.0 268
1732020785986 0.0 269
1732020786009 0.0 270
1732020786035 0.0 271
1732020786060 0.0 272
1732020786084 0.0 273
1732020786107 0.0 274
1732020786130 0.0 275
1732020786155 0.0 276
1732020786178 0.0 277
1732020786200 0.0 278
1732020786225 0.0 279
1732020786259 0.0 280
1732020786294 0.0 281
1732020786329 0.0 282
1732020786358 0.0 283
1732020786381 0.0 284
1732020786405 0.0 285
1732020786429 0.0 286
1732020786453 0.0 287
1732020786475 0.0 288
1732020786499 0.0 289
1732020786523 0.0 290
1732020786548 0.0 291
1732020786571 0.0 292
1732020786595 0.0 293
1732020786620 0.0 294
1732020786644 0.0 295
1732020786669 0.0 296
1732020786691 0.0 297
1732020786715 0.0 298
1732020786739 0.0 299
1732020786761 0.0 300
1732020786782 0.0 301
1732020786804 0.0 302
1732020786827 0.0 303
1732020786849 0.0 304
1732020786870 0.0 305
1732020786892 0.0 306
1732020786915 0.0 307
1732020786937 0.0 308
1732020786959 0.0 309
1732020786982 0.0 310
1732020787005 0.0 311
1732020787027 0.0 312
1732020787050 0.0 313
1732020787073 0.0 314
1732020787097 0.0 315
1732020787120 0.0 316
1732020787145 0.0 317
1732020787170 0.0 318
1732020787195 0.0 319
1732020787219 0.0 320
1732020787242 0.0 321
1732020787266 0.0 322
1732020787290 0.0 323
1732020787314 0.0 324
1732020787337 0.0 325
1732020787361 0.0 326
1732020787387 0.0 327
1732020787412 0.0 328
1732020787435 0.0 329
1732020787459 0.0 330
1732020787484 0.0 331
1732020787510 0.0 332
1732020787534 0.0 333
1732020787556 0.0 334
1732020787581 0.0 335
1732020787604 0.0 336
1732020787628 0.0 337
1732020787651 0.0 338
1732020787674 0.0 339
1732020787699 0.0 340
1732020787723 0.0 341
1732020787745 0.0 342
1732020787771 0.0 343
1732020787794 0.0 344
1732020787824 0.0 345
1732020787855 0.0 346
1732020787882 0.0 347
1732020787908 0.0 348
1732020787935 0.0 349
1732020787963 0.0 350
1732020787986 0.0 351
1732020788011 0.0 352
1732020788034 0.0 353
1732020788055 0.0 354
1732020788077 0.0 355
1732020788100 0.0 356
1732020788126 0.0 357
1732020788147 0.0 358
1732020788169 0.0 359
1732020788192 0.0 360
1732020788214 0.0 361
1732020788235 0.0 362
1732020788257 0.0 363
1732020788281 0.0 364
1732020788302 0.0 365
1732020788324 0.0 366
1732020788346 0.0 367
1732020788373 0.0 368
1732020788395 0.0 369
1732020788420 0.0 370
1732020788443 0.0 371
1732020788465 0.0 372
1732020788486 0.0 373
1732020788508 0.0 374
1732020788533 0.0 375
1732020788558 0.0 376
1732020788581 0.0 377
1732020788605 0.0 378
1732020788629 0.0 379
1732020788652 0.0 380
1732020788674 0.0 381
1732020788696 0.0 382
1732020788719 0.0 383
1732020788741 0.0 384
1732020788763 0.0 385
1732020788787 0.0 386
1732020788810 0.0 387
1732020788834 0.0 388
1732020788865 0.0 389
1732020788899 0.0 390
1732020788933 0.0 391
1732020788968 0.0 392
1732020788996 0.0 393
1732020789022 0.0 394
1732020789045 0.0 395
1732020789070 0.0 396
1732020789095 0.0 397
1732020789118 0.0 398
1732020789140 0.0 399
1732020789164 0.0 400
1732020789187 0.0 401
1732020789211 0.0 402
1732020789233 0.0 403
1732020789256 0.0 404
1732020789281 0.0 405
1732020789306 0.0 406
1732020789327 0.0 407
1732020789350 0.0 408
1732020789372 0.0 409
1732020789395 0.0 410
1732020789417 0.0 411
1732020789441 0.0 412
1732020789465 0.0 413
1732020789490 0.0 414
1732020789513 0.0 415
1732020789536 0.0 416
1732020789559 0.0 417
1732020789582 0.0 418
1732020789604 0.0 419
1732020789626 0.0 420
1732020789648 0.0 421
1732020789669 0.0 422
1732020789691 0.0 423
1732020789715 0.0 424
1732020789738 0.0 425
1732020789759 0.0 426
1732020789782 0.0 427
1732020789805 0.0 428
1732020789827 0.0 429
1732020789849 0.0 430
1732020789872 0.0 431
1732020789894 0.0 432
1732020789916 0.0 433
1732020789939 0.0 434
1732020789966 0.0 435
1732020789995 0.0 436
1732020790021 0.0 437
1732020790047 0.0 438
1732020790073 0.0 439
1732020790099 0.0 440
1732020790123 0.0 441
1732020790148 0.0 442
1732020790173 0.0 443
1732020790195 0.0 444
1732020790219 0.0 445
1732020790242 0.0 446
1732020790266 0.0 447
1732020790289 0.0 448
1732020790311 0.0 449
1732020790333 0.0 450
1732020790356 0.0 451
1732020790377 0.0 452
1732020790400 0.0 453
1732020790424 0.0 454
1732020790447 0.0 455
1732020790469 0.0 456
1732020790496 0.0 457
1732020790519 0.0 458
1732020790544 0.0 459
1732020790565 0.0 460
1732020790588 0.0 461
1732020790610 0.0 462
1732020790633 0.0 463
1732020790655 0.0 464
1732020790677 0.0 465
1732020790700 0.0 466
1732020790721 0.0 467
1732020790743 0.0 468
1732020790766 0.0 469
1732020790797 0.0 470
1732020790821 0.0 471
1732020790842 0.0 472
1732020790865 0.0 473
1732020790890 0.0 474
1732020790912 0.0 475
1732020790935 0.0 476
1732020790957 0.0 477
1732020790981 0.0 478
1732020791006 0.0 479
1732020791031 0.0 480
1732020791056 0.0 481
1732020791080 0.0 482
1732020791105 0.0 483
1732020791133 0.0 484
1732020791160 0.0 485
1732020791184 0.0 486
1732020791212 0.0 487
1732020791241 0.0 488
1732020791266 0.0 489
1732020791291 0.0 490
1732020791313 0.0 491
1732020791335 0.0 492
1732020791359 0.0 493
1732020791384 0.0 494
1732020791409 0.0 495
1732020791432 0.0 496
1732020791457 0.0 497
1732020791483 0.0 498
1732020791507 0.0 499
1732020791532 0.0 500
1732020791563 0.0 501
1732020791586 0.0 502
1732020791609 0.0 503
1732020791632 0.0 504
1732020791656 0.0 505
1732020791679 0.0 506
1732020791703 0.0 507
1732020791726 0.0 508
1732020791750 0.0 509
1732020791773 0.0 510
1732020791798 0.0 511
1732020791821 0.0 512
1732020791844 0.0 513
1732020791865 0.0 514
1732020791887 0.0 515
1732020791910 0.0 516
1732020791931 0.0 517
1732020791953 0.0 518
1732020791977 0.0 519
1732020791999 0.0 520
1732020792020 0.0 521
1732020792043 0.0 522
1732020792067 0.0 523
1732020792089 0.0 524
1732020792111 0.0 525
1732020792134 0.0 526
1732020792156 0.0 527
1732020792177 0.0 528
1732020792200 0.0 529
1732020792222 0.0 530
1732020792245 0.0 531
1732020792266 0.0 532
1732020792290 0.0 533
1732020792317 0.0 534
1732020792343 0.0 535
1732020792364 0.0 536
1732020792387 0.0 537
1732020792410 0.0 538
1732020792436 0.0 539
1732020792457 0.0 540
1732020792480 0.0 541
1732020792503 0.0 542
1732020792526 0.0 543
1732020792549 0.0 544
1732020792571 0.0 545
1732020792599 0.0 546
1732020792624 0.0 547
1732020792646 0.0 548
1732020792667 0.0 549
1732020792690 0.0 550
1732020792713 0.0 551
1732020792734 0.0 552
1732020792756 0.0 553
1732020792780 0.0 554
1732020792805 0.0 555
1732020792826 0.0 556
1732020792849 0.0 557
1732020792872 0.0 558
1732020792894 0.0 559
1732020792915 0.0 560
1732020792938 0.0 561
1732020792960 0.0 562
1732020792982 0.0 563
1732020793004 0.0 564
1732020793027 0.0 565
1732020793050 0.0 566
1732020793072 0.0 567
1732020793100 0.0 568
1732020793124 0.0 569
1732020793150 0.0 570
1732020793172 0.0 571
1732020793199 0.0 572
1732020793223 0.0 573
1732020793251 0.0 574
1732020793275 0.0 575
1732020793303 0.0 576
1732020793328 0.0 577
1732020793356 0.0 578
1732020793379 0.0 579
1732020793408 0.0 580
1732020793433 0.0 581
1732020793462 0.0 582
1732020793489 0.0 583
1732020793517 0.0 584
1732020793546 0.0 585
1732020793568 0.0 586
1732020793598 0.0 587
1732020793623 0.0 588
