1731942138635 -0.08054184913635254 0
1731942138727 -0.1505066156387329 1
1731942138762 -0.2518967390060425 2
1731942138799 -0.3904222249984741 3
1731942138841 -0.4115753173828125 4
1731942138878 -0.4342914819717407 5
1731942138911 -0.458878755569458 6
1731942138944 -0.4857558012008667 7
1731942138978 -0.5155175924301147 8
1731942139016 -0.5490630865097046 9
1731942139051 -0.5878787040710449 10
1731942139082 -0.6348152160644531 11
1731942139121 -0.6972795724868774 12
1731942139151 -0.7618976831436157 13
1731942139188 -0.7728828191757202 14
1731942139220 -0.773712158203125 15
1731942139253 -0.7745862007141113 16
1731942139289 -0.7755078077316284 17
1731942139324 -0.7764811515808105 18
1731942139363 -0.7775106430053711 19
1731942139399 -0.7786006927490234 20
1731942139434 -0.7797571420669556 21
1731942139469 -0.780985951423645 22
1731942139504 -0.782294511795044 23
1731942139535 -0.7836910486221313 24
1731942139565 -0.7851852178573608 25
1731942139598 -0.7867883443832397 26
1731942139636 -0.7885141372680664 27
1731942139669 -0.7903791666030884 28
1731942139701 -0.7924033403396606 29
1731942139739 -0.7946118116378784 30
1731942139774 -0.7970362901687622 31
1731942139810 -0.7997183799743652 32
1731942139848 -0.8027138710021973 33
1731942139887 -0.8061007261276245 34
1731942139918 -0.809994101524353 35
1731942139951 -0.8145769834518433 36
1731942139983 -0.8201742172241211 37
1731942140013 -0.8274884223937988 38
1731942140047 -0.839086651802063 39
1731942140082 -0.8419164419174194 40
1731942140119 -0.8419164419174194 41
