1731942138639 2e-05 0
1731942138731 0.16941501200199127 1
1731942138765 0.18984201550483704 2
1731942138803 0.1953558623790741 3
1731942138844 0.055273689329624176 4
1731942138884 0.05721729248762131 5
1731942138916 0.059447240084409714 6
1731942138947 0.06204729527235031 7
1731942138981 0.06514360755681992 8
1731942139021 0.06893910467624664 9
1731942139054 0.07379188388586044 10
1731942139087 0.08042801171541214 11
1731942139124 0.09071629494428635 12
1731942139154 0.07168736308813095 13
1731942139193 0.030929233878850937 14
1731942139223 0.01008677389472723 15
1731942139257 0.010351771488785744 16
1731942139292 0.010629582218825817 17
1731942139327 0.01092134416103363 18
1731942139367 0.01122844684869051 19
1731942139403 0.011552451178431511 20
1731942139438 0.011895273812115192 21
1731942139472 0.012258937582373619 22
1731942139507 0.01264603529125452 23
1731942139538 0.013059495948255062 24
1731942139568 0.01350291259586811 25
1731942139602 0.013980689458549023 26
1731942139640 0.014498095028102398 27
1731942139673 0.01506182923913002 28
1731942139704 0.015680355951189995 29
1731942139744 0.016364598646759987 30
1731942139778 0.017129048705101013 31
1731942139814 0.017993342131376266 32
1731942139851 0.01898522675037384 33
1731942139890 0.020145593211054802 34
1731942139921 0.02153780870139599 35
1731942139954 0.023268410935997963 36
1731942139985 0.02553643472492695 37
1731942140016 0.028783122077584267 38
1731942140050 0.03435462713241577 39
1731942140085 0.0052903699688613415 40
1731942140124 0.0 41
