1731942138642 2e-05 0
1731942138734 -0.06996476650238037 1
1731942138769 -0.10139012336730957 2
1731942138807 -0.13852548599243164 3
1731942138848 -0.02115309238433838 4
1731942138887 -0.022716164588928223 5
1731942138919 -0.024587273597717285 6
1731942138950 -0.02687704563140869 7
1731942138986 -0.029761791229248047 8
1731942139025 -0.033545494079589844 9
1731942139056 -0.03881561756134033 10
1731942139091 -0.0469365119934082 11
1731942139129 -0.062464356422424316 12
1731942139159 -0.06461811065673828 13
1731942139196 -0.010985136032104492 14
1731942139226 -0.0008293390274047852 15
1731942139261 -0.0008740425109863281 16
1731942139295 -0.0009216070175170898 17
1731942139331 -0.0009733438491821289 18
1731942139371 -0.0010294914245605469 19
1731942139408 -0.0010900497436523438 20
1731942139441 -0.001156449317932129 21
1731942139476 -0.0012288093566894531 22
1731942139511 -0.0013085603713989258 23
1731942139541 -0.0013965368270874023 24
1731942139571 -0.0014941692352294922 25
1731942139608 -0.0016031265258789062 26
1731942139643 -0.0017257928848266602 27
1731942139675 -0.0018650293350219727 28
1731942139708 -0.0020241737365722656 29
1731942139748 -0.0022084712982177734 30
1731942139781 -0.002424478530883789 31
1731942139818 -0.0026820898056030273 32
1731942139857 -0.0029954910278320312 33
1731942139893 -0.003386855125427246 34
1731942139925 -0.0038933753967285156 35
1731942139957 -0.004582881927490234 36
1731942139988 -0.005597233772277832 37
1731942140020 -0.007314205169677734 38
1731942140054 -0.01159822940826416 39
1731942140091 -0.0028297901153564453 40
1731942140128 0.0 41
