1731942138654 2.2632389068603516 0
1731942138747 2.2260754108428955 1
1731942138782 2.170459270477295 2
1731942138822 2.067610263824463 3
1731942138864 2.0573747158050537 4
1731942138898 2.0464978218078613 5
1731942138930 2.0348315238952637 6
1731942138962 2.022170066833496 7
1731942138999 2.0082104206085205 8
1731942139040 1.9924795627593994 9
1731942139069 1.974161982536316 10
1731942139107 1.9516242742538452 11
1731942139140 1.9203850030899048 12
1731942139174 1.8881902694702148 13
1731942139208 1.8871591091156006 14
1731942139236 1.8876982927322388 15
1731942139273 1.8882458209991455 16
1731942139309 1.888802170753479 17
1731942139347 1.8893675804138184 18
1731942139385 1.8899425268173218 19
1731942139421 1.8905272483825684 20
1731942139453 1.8911224603652954 21
1731942139488 1.8917285203933716 22
1731942139521 1.8923462629318237 23
1731942139550 1.8929764032363892 24
1731942139582 1.8936196565628052 25
1731942139625 1.894276738166809 26
1731942139657 1.8949493169784546 27
1731942139690 1.895638346672058 28
1731942139723 1.8963452577590942 29
1731942139761 1.8970725536346436 30
1731942139794 1.8978221416473389 31
1731942139829 1.8985971212387085 32
1731942139873 1.899401307106018 33
1731942139907 1.9002400636672974 34
1731942139939 1.9011203050613403 35
1731942139971 1.9020532369613647 36
1731942140001 1.9030559062957764 37
1731942140035 1.9041603803634644 38
1731942140070 1.9054442644119263 39
1731942140104 1.9056388139724731 40
1731942140139 1.9056388139724731 41
