1731942138646 1.3916583061218262 0
1731942138737 1.3914599418640137 1
1731942138772 1.4043530225753784 2
1731942138810 1.438429594039917 3
1731942138852 1.460056185722351 4
1731942138890 1.480428695678711 5
1731942138922 1.4994590282440186 6
1731942138953 1.5170297622680664 7
1731942138989 1.5329797267913818 8
1731942139028 1.5470826625823975 9
1731942139058 1.559004545211792 10
1731942139095 1.5682122707366943 11
1731942139132 1.5737230777740479 12
1731942139163 1.5752817392349243 13
1731942139199 1.5763896703720093 14
1731942139228 1.576174259185791 15
1731942139264 1.575945496559143 16
1731942139298 1.575702428817749 17
1731942139334 1.5754441022872925 18
1731942139376 1.575169563293457 19
1731942139411 1.574877381324768 20
1731942139444 1.5745666027069092 21
1731942139479 1.5742353200912476 22
1731942139513 1.5738822221755981 23
1731942139543 1.573505163192749 24
1731942139574 1.573102355003357 25
1731942139611 1.5726710557937622 26
1731942139646 1.5722087621688843 27
1731942139679 1.5717123746871948 28
1731942139713 1.57117760181427 29
1731942139752 1.5706003904342651 30
1731942139785 1.5699751377105713 31
1731942139821 1.569295048713684 32
1731942139860 1.5685514211654663 33
1731942139898 1.5677332878112793 34
1731942139927 1.56682550907135 35
1731942139960 1.5658059120178223 36
1731942139991 1.5646406412124634 37
1731942140024 1.563269019126892 38
1731942140060 1.561550498008728 39
1731942140094 1.5612781047821045 40
1731942140131 1.5612781047821045 41
