1731942138649 1.2413381338119507 0
1731942138741 1.0886378288269043 1
1731942138775 0.8951082229614258 2
1731942138813 0.6971696615219116 3
1731942138857 0.6809000372886658 4
1731942138893 0.6605749130249023 5
1731942138925 0.6355273723602295 6
1731942138956 0.6048457622528076 7
1731942138993 0.5672311782836914 8
1731942139032 0.5207221508026123 9
1731942139061 0.46208733320236206 10
1731942139099 0.3851891756057739 11
1731942139135 0.2743830382823944 12
1731942139167 0.146779403090477 13
1731942139202 0.10933651030063629 14
1731942139231 0.10819177329540253 15
1731942139267 0.10697038471698761 16
1731942139301 0.10566633939743042 17
1731942139340 0.10427301377058029 18
1731942139379 0.10278290510177612 19
1731942139415 0.10118765383958817 20
1731942139447 0.09947777539491653 21
1731942139482 0.09764249622821808 22
1731942139516 0.09566949307918549 23
1731942139546 0.09354454278945923 24
1731942139576 0.09125112742185593 25
1731942139616 0.0887698382139206 26
1731942139651 0.08607767522335052 27
1731942139684 0.08314695954322815 28
1731942139717 0.07994400709867477 29
1731942139755 0.07642704993486404 30
1731942139788 0.07254325598478317 31
1731942139824 0.06822416186332703 32
1731942139864 0.06337825208902359 33
1731942139901 0.05787825584411621 34
1731942139931 0.05153786018490791 35
1731942139964 0.04406338557600975 36
1731942139995 0.034937597811222076 37
1731942140030 0.023053834214806557 38
1731942140063 0.004443399608135223 39
1731942140097 -0.0 40
1731942140134 -0.0 41
