1731942138651 2.0550365447998047 0
1731942138744 2.0550365447998047 1
1731942138778 2.0550365447998047 2
1731942138817 2.0550365447998047 3
1731942138861 2.0550365447998047 4
1731942138895 2.0550365447998047 5
1731942138927 2.0550365447998047 6
1731942138959 2.0550365447998047 7
1731942138996 2.0550365447998047 8
1731942139037 2.0550365447998047 9
1731942139066 2.0550365447998047 10
1731942139102 2.0550365447998047 11
1731942139138 2.0550365447998047 12
1731942139170 2.0550365447998047 13
1731942139205 2.0550365447998047 14
1731942139233 2.0550365447998047 15
1731942139270 2.0550365447998047 16
1731942139304 2.0550365447998047 17
1731942139344 2.0550365447998047 18
1731942139383 2.0550365447998047 19
1731942139418 2.0550365447998047 20
1731942139451 2.0550365447998047 21
1731942139485 2.0550365447998047 22
1731942139518 2.0550365447998047 23
1731942139548 2.0550365447998047 24
1731942139579 2.0550365447998047 25
1731942139621 2.0550365447998047 26
1731942139654 2.0550365447998047 27
1731942139687 2.0550365447998047 28
1731942139720 2.0550365447998047 29
1731942139758 2.0550365447998047 30
1731942139791 2.0550365447998047 31
1731942139827 2.0550365447998047 32
1731942139868 2.0550365447998047 33
1731942139904 2.0550365447998047 34
1731942139936 2.0550365447998047 35
1731942139968 2.0550365447998047 36
1731942139999 2.0550365447998047 37
1731942140033 2.0550365447998047 38
1731942140067 2.0550365447998047 39
1731942140099 2.0550365447998047 40
1731942140137 2.0550365447998047 41
