1731942138656 1.9744946956634521 0
1731942138750 1.9045299291610718 1
1731942138787 1.8031398057937622 2
1731942138825 1.6646143198013306 3
1731942138867 1.6434612274169922 4
1731942138901 1.620745062828064 5
1731942138933 1.5961577892303467 6
1731942138965 1.569280743598938 7
1731942139004 1.53951895236969 8
1731942139043 1.5059734582901 9
1731942139073 1.4671578407287598 10
1731942139110 1.4202213287353516 11
1731942139142 1.3577569723129272 12
1731942139177 1.293138861656189 13
1731942139211 1.2821537256240845 14
1731942139240 1.2813243865966797 15
1731942139276 1.2804503440856934 16
1731942139313 1.2795287370681763 17
1731942139350 1.2785553932189941 18
1731942139388 1.2775259017944336 19
1731942139424 1.2764358520507812 20
1731942139456 1.2752794027328491 21
1731942139493 1.2740505933761597 22
1731942139525 1.2727420330047607 23
1731942139554 1.2713454961776733 24
1731942139586 1.2698513269424438 25
1731942139627 1.268248200416565 26
1731942139660 1.2665224075317383 27
1731942139692 1.2646573781967163 28
1731942139727 1.262633204460144 29
1731942139764 1.2604247331619263 30
1731942139796 1.2580002546310425 31
1731942139835 1.2553181648254395 32
1731942139877 1.2523226737976074 33
1731942139910 1.2489358186721802 34
1731942139942 1.2450424432754517 35
1731942139974 1.2404595613479614 36
1731942140004 1.2348623275756836 37
1731942140038 1.2275481224060059 38
1731942140073 1.2159498929977417 39
1731942140108 1.2131201028823853 40
1731942140142 1.2131201028823853 41
