1731942138658 0.0 0
1731942138753 0.0 1
1731942138792 0.0 2
1731942138829 0.0 3
1731942138870 0.0 4
1731942138904 0.0 5
1731942138937 0.0 6
1731942138968 0.0 7
1731942139009 0.0 8
1731942139045 0.0 9
1731942139075 0.0 10
1731942139113 0.0 11
1731942139145 0.0 12
1731942139180 0.0 13
1731942139213 0.0 14
1731942139244 0.0 15
1731942139281 0.0 16
1731942139317 0.0 17
1731942139355 0.0 18
1731942139391 0.0 19
1731942139427 0.0 20
1731942139460 0.0 21
1731942139497 0.0 22
1731942139528 0.0 23
1731942139558 0.0 24
1731942139591 0.0 25
1731942139630 0.0 26
1731942139662 0.0 27
1731942139694 0.0 28
1731942139731 0.0 29
1731942139767 0.0 30
1731942139801 0.0 31
1731942139840 0.0 32
1731942139880 0.0 33
1731942139912 0.0 34
1731942139944 0.0 35
1731942139977 0.0 36
1731942140007 0.0 37
1731942140041 0.0 38
1731942140075 0.0 39
1731942140111 0.0 40
1731942140144 0.0 41
