1732017358316 -0.2179419994354248 0
1732017358342 -0.4073063135147095 1
1732017358395 -0.44004344940185547 2
1732017358420 -0.4798767566680908 3
1732017358444 -0.5295319557189941 4
1732017358468 -0.593559980392456 5
1732017358493 -0.6810884475708008 6
1732017358520 -0.7922590970993042 7
1732017358542 -0.9272446632385254 8
1732017358565 -1.0024288892745972 9
1732017358588 -1.0156960487365723 10
1732017358611 -1.0302181243896484 11
1732017358637 -1.046309471130371 12
1732017358661 -1.0644640922546387 13
1732017358685 -1.0855636596679688 14
1732017358709 -1.1116105318069458 15
1732017358733 -1.1468291282653809 16
1732017358755 -1.1550467014312744 17
1732017358778 -1.1639302968978882 18
1732017358803 -1.173595666885376 19
1732017358827 -1.1841936111450195 20
1732017358850 -1.1959266662597656 21
1732017358874 -1.2090775966644287 22
1732017358898 -1.224060297012329 23
1732017358922 -1.2415251731872559 24
1732017358946 -1.2568650245666504 25
1732017358970 -1.2569869756698608 26
1732017358994 -1.2571132183074951 27
1732017359018 -1.2572436332702637 28
1732017359043 -1.2573788166046143 29
1732017359066 -1.2575185298919678 30
1732017359091 -1.2576632499694824 31
1732017359115 -1.2578128576278687 32
1732017359139 -1.2579677104949951 33
1732017359160 -1.2581279277801514 34
1732017359183 -1.258293867111206 35
1732017359205 -1.2584651708602905 36
1732017359227 -1.2586426734924316 37
1732017359248 -1.2588262557983398 38
1732017359270 -1.2590162754058838 39
1732017359293 -1.259212613105774 40
1732017359315 -1.2594159841537476 41
1732017359337 -1.2596262693405151 42
1732017359359 -1.2598440647125244 43
1732017359381 -1.2600691318511963 44
1732017359402 -1.2603020668029785 45
1732017359424 -1.2605431079864502 46
1732017359447 -1.2607924938201904 47
1732017359467 -1.2610504627227783 48
1732017359490 -1.261317491531372 49
1732017359513 -1.2615936994552612 50
1732017359536 -1.261879563331604 51
1732017359558 -1.2621753215789795 52
1732017359581 -1.262481451034546 53
1732017359603 -1.2627981901168823 54
1732017359624 -1.263126015663147 55
1732017359645 -1.2634652853012085 56
1732017359668 -1.263816475868225 57
1732017359690 -1.2641799449920654 58
1732017359711 -1.2645562887191772 59
1732017359734 -1.2649459838867188 60
1732017359755 -1.2653493881225586 61
1732017359776 -1.2657670974731445 62
1732017359799 -1.2661995887756348 63
1732017359823 -1.2666475772857666 64
1732017359844 -1.2671116590499878 65
1732017359865 -1.267592430114746 66
1732017359887 -1.2680904865264893 67
1732017359909 -1.2686065435409546 68
1732017359930 -1.2691415548324585 69
1732017359952 -1.2696961164474487 70
1732017359975 -1.2702709436416626 71
1732017359996 -1.2708672285079956 72
1732017360018 -1.2714855670928955 73
1732017360040 -1.2721271514892578 74
1732017360063 -1.2727928161621094 75
1732017360085 -1.2734837532043457 76
1732017360107 -1.2742011547088623 77
1732017360129 -1.2749462127685547 78
1732017360149 -1.2757201194763184 79
1732017360172 -1.2765244245529175 80
1732017360194 -1.2773605585098267 81
1732017360215 -1.2782301902770996 82
1732017360236 -1.279134750366211 83
1732017360260 -1.2800763845443726 84
1732017360282 -1.2810570001602173 85
1732017360304 -1.282078504562378 86
1732017360329 -1.283143401145935 87
1732017360353 -1.2842541933059692 88
1732017360375 -1.285413384437561 89
1732017360397 -1.2866239547729492 90
1732017360419 -1.2878892421722412 91
1732017360441 -1.2892124652862549 92
1732017360463 -1.2905977964401245 93
1732017360485 -1.2920492887496948 94
1732017360507 -1.2935715913772583 95
1732017360530 -1.2951699495315552 96
1732017360550 -1.296850323677063 97
1732017360573 -1.2986189126968384 98
1732017360595 -1.3004833459854126 99
1732017360617 -1.3024516105651855 100
1732017360639 -1.3045334815979004 101
1732017360663 -1.3067396879196167 102
1732017360687 -1.3090829849243164 103
1732017360711 -1.3115779161453247 104
1732017360733 -1.3142421245574951 105
1732017360757 -1.3170961141586304 106
1732017360782 -1.3201652765274048 107
1732017360805 -1.3234803676605225 108
1732017360827 -1.327080249786377 109
1732017360850 -1.3310145139694214 110
1732017360874 -1.3353486061096191 111
1732017360898 -1.340171456336975 112
1732017360919 -1.34561026096344 113
1732017360942 -1.351858139038086 114
1732017360963 -1.3592357635498047 115
1732017360987 -1.3683604001998901 116
1732017361010 -1.3808274269104004 117
1732017361034 -1.393281102180481 118
1732017361058 -1.393281102180481 119
