1732017358322 2e-05 0
1732017358349 -0.18936431407928467 1
1732017358400 -0.032737135887145996 2
1732017358425 -0.03983330726623535 3
1732017358449 -0.04965519905090332 4
1732017358473 -0.06402802467346191 5
1732017358498 -0.08752846717834473 6
1732017358525 -0.11117064952850342 7
1732017358548 -0.1349855661392212 8
1732017358569 -0.07518422603607178 9
1732017358592 -0.013267159461975098 10
1732017358616 -0.014522075653076172 11
1732017358642 -0.016091346740722656 12
1732017358665 -0.018154621124267578 13
1732017358690 -0.021099567413330078 14
1732017358714 -0.02604687213897705 15
1732017358738 -0.03521859645843506 16
1732017358760 -0.008217573165893555 17
1732017358783 -0.00888359546661377 18
1732017358807 -0.009665369987487793 19
1732017358833 -0.010597944259643555 20
1732017358857 -0.011733055114746094 21
1732017358879 -0.013150930404663086 22
1732017358903 -0.01498270034790039 23
1732017358927 -0.017464876174926758 24
1732017358951 -0.015339851379394531 25
1732017358975 -0.00012195110321044922 26
1732017358999 -0.00012624263763427734 27
1732017359024 -0.0001304149627685547 28
1732017359048 -0.00013518333435058594 29
1732017359072 -0.00013971328735351562 30
1732017359096 -0.00014472007751464844 31
1732017359120 -0.00014960765838623047 32
1732017359144 -0.00015485286712646484 33
1732017359166 -0.00016021728515625 34
1732017359187 -0.0001659393310546875 35
1732017359210 -0.00017130374908447266 36
1732017359231 -0.00017750263214111328 37
1732017359252 -0.00018358230590820312 38
1732017359275 -0.0001900196075439453 39
1732017359298 -0.00019633769989013672 40
1732017359321 -0.0002033710479736328 41
1732017359341 -0.00021028518676757812 42
1732017359364 -0.00021779537200927734 43
1732017359385 -0.000225067138671875 44
1732017359406 -0.00023293495178222656 45
1732017359429 -0.0002410411834716797 46
1732017359451 -0.0002493858337402344 47
1732017359473 -0.0002579689025878906 48
1732017359494 -0.00026702880859375 49
1732017359518 -0.00027620792388916016 50
1732017359541 -0.00028586387634277344 51
1732017359564 -0.0002957582473754883 52
1732017359585 -0.00030612945556640625 53
1732017359607 -0.0003167390823364258 54
1732017359629 -0.00032782554626464844 55
1732017359650 -0.00033926963806152344 56
1732017359672 -0.00035119056701660156 57
1732017359695 -0.00036346912384033203 58
1732017359715 -0.0003763437271118164 59
1732017359738 -0.0003896951675415039 60
1732017359760 -0.00040340423583984375 61
1732017359781 -0.0004177093505859375 62
1732017359804 -0.0004324913024902344 63
1732017359827 -0.00044798851013183594 64
1732017359849 -0.0004640817642211914 65
1732017359870 -0.0004807710647583008 66
1732017359892 -0.0004980564117431641 67
1732017359913 -0.000516057014465332 68
1732017359934 -0.0005350112915039062 69
1732017359956 -0.0005545616149902344 70
1732017359979 -0.0005748271942138672 71
1732017360001 -0.0005962848663330078 72
1732017360022 -0.0006183385848999023 73
1732017360044 -0.0006415843963623047 74
1732017360068 -0.0006656646728515625 75
1732017360090 -0.0006909370422363281 76
1732017360111 -0.0007174015045166016 77
1732017360133 -0.0007450580596923828 78
1732017360155 -0.0007739067077636719 79
1732017360176 -0.0008043050765991211 80
1732017360198 -0.0008361339569091797 81
1732017360220 -0.0008696317672729492 82
1732017360241 -0.0009045600891113281 83
1732017360264 -0.0009416341781616211 84
1732017360287 -0.0009806156158447266 85
1732017360310 -0.0010215044021606445 86
1732017360334 -0.001064896583557129 87
1732017360357 -0.0011107921600341797 88
1732017360380 -0.0011591911315917969 89
1732017360402 -0.0012105703353881836 90
1732017360423 -0.0012652873992919922 91
1732017360446 -0.0013232231140136719 92
1732017360468 -0.001385331153869629 93
1732017360489 -0.0014514923095703125 94
1732017360512 -0.0015223026275634766 95
1732017360534 -0.001598358154296875 96
1732017360556 -0.0016803741455078125 97
1732017360577 -0.0017685890197753906 98
1732017360600 -0.0018644332885742188 99
1732017360622 -0.0019682645797729492 100
1732017360643 -0.0020818710327148438 101
1732017360667 -0.0022062063217163086 102
1732017360692 -0.002343297004699707 103
1732017360716 -0.0024949312210083008 104
1732017360739 -0.00266420841217041 105
1732017360762 -0.002853989601135254 106
1732017360786 -0.003069162368774414 107
1732017360810 -0.0033150911331176758 108
1732017360832 -0.003599882125854492 109
1732017360855 -0.003934264183044434 110
1732017360879 -0.004334092140197754 111
1732017360902 -0.004822850227355957 112
1732017360925 -0.005438804626464844 113
1732017360946 -0.006247878074645996 114
1732017360969 -0.00737762451171875 115
1732017360993 -0.00912463665008545 116
1732017361014 -0.012467026710510254 117
1732017361038 -0.012453675270080566 118
1732017361063 0.0 119
