1732017358319 2e-05 0
1732017358346 0.216424822807312 1
1732017358398 0.06436610221862793 2
1732017358423 0.07075189054012299 3
1732017358447 0.07862658053636551 4
1732017358471 0.0886598601937294 5
1732017358496 0.10225358605384827 6
1732017358523 0.10922446846961975 7
1732017358544 0.11503049731254578 8
1732017358567 0.06199180334806442 9
1732017358590 0.0348132848739624 10
1732017358613 0.03635596111416817 11
1732017358640 0.03817381709814072 12
1732017358663 0.04039499908685684 13
1732017358688 0.04326969012618065 14
1732017358712 0.04739554598927498 15
1732017358736 0.049210719764232635 16
1732017358757 0.025444701313972473 17
1732017358781 0.026434822008013725 18
1732017358805 0.027547234669327736 19
1732017358830 0.02881212718784809 20
1732017358854 0.030271511524915695 21
1732017358877 0.03198720142245293 22
1732017358901 0.03405390679836273 23
1732017358925 0.0366281196475029 24
1732017358949 0.029562853276729584 25
1732017358972 0.0031130295246839523 26
1732017358996 0.003166766604408622 27
1732017359020 0.003221389139071107 28
1732017359046 0.0032769807148724794 29
1732017359069 0.003333478467538953 30
1732017359093 0.0033908826299011707 31
1732017359118 0.0034492136910557747 32
1732017359142 0.0035085566341876984 33
1732017359163 0.003568889806047082 34
1732017359185 0.0036301922518759966 35
1732017359207 0.003692569676786661 36
1732017359229 0.003755958518013358 37
1732017359250 0.00382037996314466 38
1732017359272 0.003885939484462142 39
1732017359295 0.003952552564442158 40
1732017359318 0.004020366817712784 41
1732017359339 0.004089361056685448 42
1732017359361 0.004159514792263508 43
1732017359383 0.0042308904230594635 44
1732017359404 0.004303446039557457 45
1732017359426 0.004377308767288923 46
1732017359449 0.004452540539205074 47
1732017359471 0.004529016092419624 48
1732017359492 0.004606903530657291 49
1732017359516 0.0046862028539180756 50
1732017359538 0.0047669135965406895 51
1732017359561 0.004849079065024853 52
1732017359583 0.0049327826127409935 53
1732017359605 0.005018024705350399 54
1732017359627 0.005104889627546072 55
1732017359648 0.005193418823182583 56
1732017359670 0.005283613223582506 57
1732017359692 0.005375577602535486 58
1732017359713 0.00546931242570281 59
1732017359736 0.005564901512116194 60
1732017359758 0.005662429146468639 61
1732017359778 0.005761895794421434 62
1732017359802 0.005863469559699297 63
1732017359825 0.0059670875780284405 64
1732017359847 0.00607291841879487 65
1732017359867 0.006181003991514444 66
1732017359890 0.006291491910815239 67
1732017359911 0.006404403131455183 68
1732017359932 0.006519780028611422 69
1732017359954 0.00663787592202425 70
1732017359977 0.006758668459951878 71
1732017359999 0.006882327608764172 72
1732017360020 0.007008957676589489 73
1732017360042 0.0071387276984751225 74
1732017360066 0.007271680049598217 75
1732017360087 0.0074081518687307835 76
1732017360109 0.007548078894615173 77
1732017360131 0.007691799663007259 78
1732017360153 0.007839398458600044 79
1732017360174 0.007991211488842964 80
1732017360196 0.00814732350409031 81
1732017360218 0.00830807164311409 82
1732017360239 0.008473644964396954 83
1732017360262 0.008644381538033485 84
1732017360285 0.008820576593279839 85
1732017360307 0.00900256633758545 86
1732017360332 0.009190689772367477 87
1732017360355 0.009385449811816216 88
1732017360378 0.00958720687776804 89
1732017360400 0.009796465747058392 90
1732017360421 0.010013922117650509 91
1732017360444 0.010240082629024982 92
1732017360466 0.010475683026015759 93
1732017360487 0.010721420869231224 94
1732017360510 0.010978369042277336 95
1732017360532 0.011247391812503338 96
1732017360554 0.0115296496078372 97
1732017360575 0.011826637201011181 98
1732017360597 0.012139630503952503 99
1732017360620 0.012470525689423084 100
1732017360641 0.012821481563150883 101
1732017360665 0.013194882310926914 102
1732017360689 0.0135936439037323 103
1732017360714 0.014021328650414944 104
1732017360736 0.014482331462204456 105
1732017360759 0.01498187705874443 106
1732017360784 0.015526857227087021 107
1732017360807 0.01612565852701664 108
1732017360830 0.01678970269858837 109
1732017360852 0.01753401570022106 110
1732017360876 0.01837940327823162 111
1732017360900 0.01935594528913498 112
1732017360922 0.02050897292792797 113
1732017360944 0.021911466494202614 114
1732017360966 0.02369244396686554 115
1732017360990 0.026112772524356842 116
1732017361012 0.029837006703019142 117
1732017361036 0.0210976991802454 118
1732017361060 0.0 119
