1732017358332 2.4383859634399414 0
1732017358358 2.300493001937866 1
1732017358409 2.2761192321777344 2
1732017358434 2.2464303970336914 3
1732017358459 2.2094998359680176 4
1732017358483 2.1622776985168457 5
1732017358509 2.0993244647979736 6
1732017358533 2.0205907821655273 7
1732017358556 1.9264376163482666 8
1732017358579 1.8658473491668701 9
1732017358600 1.8514918088912964 10
1732017358626 1.8355770111083984 11
1732017358651 1.8176295757293701 12
1732017358676 1.7968766689300537 13
1732017358699 1.7718795537948608 14
1732017358722 1.7392314672470093 15
1732017358746 1.6908493041992188 16
1732017358769 1.6868892908096313 17
1732017358792 1.6826976537704468 18
1732017358817 1.678240418434143 19
1732017358841 1.6734745502471924 20
1732017358865 1.6683450937271118 21
1732017358889 1.662778377532959 22
1732017358911 1.6566728353500366 23
1732017358935 1.6498806476593018 24
1732017358960 1.6440905332565308 25
1732017358985 1.6435210704803467 26
1732017359008 1.6429401636123657 27
1732017359033 1.6423474550247192 28
1732017359057 1.6417427062988281 29
1732017359081 1.6411255598068237 30
1732017359106 1.6404958963394165 31
1732017359129 1.6398533582687378 32
1732017359151 1.6391974687576294 33
1732017359174 1.6385282278060913 34
1732017359196 1.6378451585769653 35
1732017359217 1.6371477842330933 36
1732017359239 1.636435866355896 37
1732017359261 1.6357091665267944 38
1732017359282 1.6349674463272095 39
1732017359306 1.6342099905014038 40
1732017359328 1.6334365606307983 41
1732017359350 1.6326466798782349 42
1732017359371 1.6318399906158447 43
1732017359393 1.6310161352157593 44
1732017359415 1.6301747560501099 45
1732017359436 1.6293150186538696 46
1732017359459 1.628436803817749 47
1732017359481 1.6275395154953003 48
1732017359504 1.6266225576400757 49
1732017359526 1.6256855726242065 50
1732017359549 1.6247278451919556 51
1732017359572 1.6237486600875854 52
1732017359594 1.6227480173110962 53
1732017359615 1.6217244863510132 54
1732017359637 1.6206780672073364 55
1732017359659 1.6196078062057495 56
1732017359680 1.6185129880905151 57
1732017359702 1.617392897605896 58
1732017359725 1.6162468194961548 59
1732017359745 1.615073800086975 60
1732017359767 1.6138731241226196 61
1732017359789 1.612644076347351 62
1732017359813 1.611385464668274 63
1732017359835 1.6100963354110718 64
1732017359857 1.6087758541107178 65
1732017359879 1.6074227094650269 66
1732017359899 1.6060360670089722 67
1732017359921 1.604614496231079 68
1732017359943 1.6031570434570312 69
1732017359964 1.6016621589660645 70
1732017359987 1.600128412246704 71
1732017360009 1.5985544919967651 72
1732017360031 1.5969387292861938 73
1732017360053 1.5952798128128052 74
1732017360076 1.5935755968093872 75
1732017360098 1.5918244123458862 76
1732017360120 1.5900241136550903 77
1732017360141 1.5881729125976562 78
1732017360163 1.5862685441970825 79
1732017360185 1.5843082666397095 80
1732017360206 1.5822900533676147 81
1732017360228 1.580210566520691 82
1732017360251 1.578067421913147 83
1732017360272 1.5758570432662964 84
1732017360295 1.5735763311386108 85
1732017360319 1.5712214708328247 86
1732017360344 1.5687885284423828 87
1732017360365 1.5662730932235718 88
1732017360388 1.5636705160140991 89
1732017360410 1.5609756708145142 90
1732017360432 1.5581828355789185 91
1732017360454 1.5552860498428345 92
1732017360476 1.5522781610488892 93
1732017360498 1.5491520166397095 94
1732017360519 1.5458991527557373 95
1732017360542 1.5425102710723877 96
1732017360564 1.5389748811721802 97
1732017360586 1.5352816581726074 98
1732017360607 1.5314170122146606 99
1732017360630 1.527366280555725 100
1732017360653 1.5231119394302368 101
1732017360678 1.5186346769332886 102
1732017360700 1.5139107704162598 103
1732017360724 1.5089139938354492 104
1732017360747 1.5036120414733887 105
1732017360772 1.4979666471481323 106
1732017360794 1.491931438446045 107
1732017360817 1.4854488372802734 108
1732017360841 1.4784468412399292 109
1732017360864 1.4708324670791626 110
1732017360887 1.4624831676483154 111
1732017360911 1.453230619430542 112
1732017360933 1.4428337812423706 113
1732017360953 1.4309247732162476 114
1732017360978 1.4168885946273804 115
1732017361000 1.3995343446731567 116
1732017361025 1.3757537603378296 117
1732017361047 1.3517467975616455 118
1732017361071 1.3517467975616455 119
