1732017358324 1.567797303199768 0
1732017358351 1.563272476196289 1
1732017358402 1.5643045902252197 2
1732017358428 1.5642359256744385 3
1732017358452 1.5628948211669922 4
1732017358476 1.5600306987762451 5
1732017358500 1.5552845001220703 6
1732017358527 1.5455780029296875 7
1732017358550 1.5346548557281494 8
1732017358571 1.5303287506103516 9
1732017358594 1.5354453325271606 10
1732017358618 1.540436029434204 11
1732017358644 1.5452978610992432 12
1732017358668 1.5500295162200928 13
1732017358692 1.5546320676803589 14
1732017358716 1.5591177940368652 15
1732017358740 1.5633429288864136 16
1732017358763 1.5658009052276611 17
1732017358785 1.568132996559143 18
1732017358809 1.5703257322311401 19
1732017358835 1.5723621845245361 20
1732017358859 1.5742214918136597 21
1732017358881 1.5758763551712036 22
1732017358905 1.577290654182434 23
1732017358929 1.5784138441085815 24
1732017358954 1.5790245532989502 25
1732017358978 1.5790480375289917 26
1732017359001 1.5790714025497437 27
1732017359026 1.5790942907333374 28
1732017359050 1.579116940498352 29
1732017359075 1.5791391134262085 30
1732017359098 1.5791608095169067 31
1732017359122 1.5791820287704468 32
1732017359146 1.579202651977539 33
1732017359168 1.5792227983474731 34
1732017359189 1.5792423486709595 35
1732017359212 1.579261302947998 36
1732017359233 1.5792795419692993 37
1732017359255 1.5792970657348633 38
1732017359276 1.5793137550354004 39
1732017359300 1.5793296098709106 40
1732017359323 1.579344630241394 41
1732017359343 1.5793588161468506 42
1732017359365 1.5793718099594116 43
1732017359387 1.5793839693069458 44
1732017359409 1.579394817352295 45
1732017359430 1.5794044733047485 46
1732017359453 1.5794129371643066 47
1732017359475 1.5794202089309692 48
1732017359496 1.5794259309768677 49
1732017359520 1.579430103302002 50
1732017359543 1.5794328451156616 51
1732017359566 1.5794340372085571 52
1732017359587 1.5794333219528198 53
1732017359609 1.5794309377670288 54
1732017359631 1.5794265270233154 55
1732017359652 1.5794202089309692 56
1732017359674 1.5794118642807007 57
1732017359697 1.5794011354446411 58
1732017359718 1.5793880224227905 59
1732017359740 1.5793726444244385 60
1732017359762 1.5793546438217163 61
1732017359784 1.5793339014053345 62
1732017359806 1.579310417175293 63
1732017359829 1.5792840719223022 64
1732017359851 1.579254388809204 65
1732017359872 1.579221487045288 66
1732017359894 1.5791853666305542 67
1732017359915 1.5791454315185547 68
1732017359937 1.579101800918579 69
1732017359958 1.5790542364120483 70
1732017359981 1.5790024995803833 71
1732017360003 1.578946590423584 72
1732017360024 1.5788860321044922 73
1732017360046 1.5788205862045288 74
1732017360070 1.5787502527236938 75
1732017360092 1.5786746740341187 76
1732017360113 1.5785936117172241 77
1732017360135 1.5785068273544312 78
1732017360157 1.5784138441085815 79
1732017360178 1.5783145427703857 80
1732017360200 1.578208565711975 81
1732017360222 1.578095555305481 82
1732017360243 1.5779750347137451 83
1732017360266 1.577846884727478 84
1732017360289 1.577710509300232 85
1732017360312 1.577565312385559 86
1732017360337 1.5774112939834595 87
1732017360359 1.5772475004196167 88
1732017360382 1.5770736932754517 89
1732017360404 1.5768892765045166 90
1732017360425 1.5766934156417847 91
1732017360448 1.5764857530593872 92
1732017360470 1.5762654542922974 93
1732017360492 1.5760315656661987 94
1732017360514 1.575783371925354 95
1732017360536 1.5755201578140259 96
1732017360558 1.5752408504486084 97
1732017360579 1.5749441385269165 98
1732017360602 1.5746290683746338 99
1732017360624 1.5742942094802856 100
1732017360646 1.573938012123108 101
1732017360669 1.573559045791626 102
1732017360694 1.5731552839279175 103
1732017360718 1.5727245807647705 104
1732017360741 1.572264552116394 105
1732017360764 1.5717726945877075 106
1732017360788 1.5712453126907349 107
1732017360811 1.5706790685653687 108
1732017360835 1.5700689554214478 109
1732017360857 1.569409728050232 110
1732017360881 1.5686944723129272 111
1732017360904 1.5679141283035278 112
1732017360927 1.5670570135116577 113
1732017360948 1.566106915473938 114
1732017360971 1.5650392770767212 115
1732017360995 1.5638142824172974 116
1732017361018 1.5623522996902466 117
1732017361040 1.5612781047821045 118
1732017361065 1.5612781047821045 119
