1732017358327 1.4184393882751465 0
1732017358353 1.1919057369232178 1
1732017358405 1.152686357498169 2
1732017358430 1.103488802909851 3
1732017358455 1.0406241416931152 4
1732017358478 0.9577708840370178 5
1732017358504 0.841269850730896 6
1732017358529 0.6849415302276611 7
1732017358552 0.4963598847389221 8
1732017358573 0.40947937965393066 9
1732017358596 0.40162715315818787 10
1732017358620 0.39232173562049866 11
1732017358647 0.3812367916107178 12
1732017358671 0.36787015199661255 13
1732017358694 0.35134178400039673 14
1732017358718 0.3296798765659332 15
1732017358742 0.29799163341522217 16
1732017358765 0.2883531451225281 17
1732017358787 0.2774702310562134 18
1732017358812 0.2650966942310333 19
1732017358837 0.25089386105537415 20
1732017358861 0.23437197506427765 21
1732017358884 0.21476829051971436 22
1732017358907 0.1907464861869812 23
1732017358931 0.15933479368686676 24
1732017358956 0.12294511497020721 25
1732017358980 0.12306387722492218 26
1732017359003 0.12318100780248642 27
1732017359029 0.12329638749361038 28
1732017359052 0.12340983748435974 29
1732017359077 0.12352120876312256 30
1732017359101 0.12363030016422272 31
1732017359124 0.12373696267604828 32
1732017359148 0.12384098768234253 33
1732017359170 0.12394218146800995 34
1732017359191 0.12404035776853561 35
1732017359213 0.12413527816534042 36
1732017359235 0.12422674894332886 37
1732017359257 0.12431451678276062 38
1732017359278 0.12439835071563721 39
1732017359302 0.12447799742221832 40
1732017359325 0.12455318868160248 41
1732017359345 0.12462366372346878 42
1732017359367 0.12468913942575455 43
1732017359389 0.1247493103146553 44
1732017359411 0.12480387091636658 45
1732017359432 0.1248524934053421 46
1732017359455 0.1248948723077774 47
1732017359477 0.12493061274290085 48
1732017359498 0.12495939433574677 49
1732017359522 0.12498079240322113 50
1732017359545 0.1249944418668747 51
1732017359568 0.12499991059303284 52
1732017359589 0.12499678134918213 53
1732017359611 0.12498458474874496 54
1732017359633 0.12496285140514374 55
1732017359654 0.12493110448122025 56
1732017359676 0.12488880753517151 57
1732017359699 0.12483543157577515 58
1732017359721 0.1247704029083252 59
1732017359742 0.12469314783811569 60
1732017359764 0.1246030256152153 61
1732017359786 0.12449940294027328 62
1732017359808 0.12438158690929413 63
1732017359831 0.12424887716770172 64
1732017359853 0.12410050630569458 65
1732017359874 0.12393570691347122 66
1732017359895 0.1237536296248436 67
1732017359917 0.12355342507362366 68
1732017359939 0.12333416938781738 69
1732017359960 0.12309489399194717 70
1732017359983 0.12283459305763245 71
1732017360005 0.12255217134952545 72
1732017360026 0.12224651873111725 73
1732017360048 0.12191641330718994 74
1732017360072 0.12156058847904205 75
1732017360094 0.12117771804332733 76
1732017360115 0.12076635658740997 77
1732017360137 0.1203249841928482 78
1732017360159 0.1198519915342331 79
1732017360180 0.11934567242860794 80
1732017360202 0.11880417168140411 81
1732017360224 0.11822552978992462 82
1732017360246 0.11760765314102173 83
1732017360268 0.11694829910993576 84
1732017360291 0.11624503880739212 85
1732017360314 0.11549527943134308 86
1732017360339 0.114696204662323 87
1732017360361 0.11384478211402893 88
1732017360384 0.11293773353099823 89
1732017360406 0.11197148263454437 90
1732017360428 0.11094214022159576 91
1732017360450 0.10984542965888977 92
1732017360472 0.1086767166852951 93
1732017360494 0.10743086040019989 94
1732017360515 0.10610219836235046 95
1732017360538 0.10468446463346481 96
1732017360560 0.10317067801952362 97
1732017360581 0.10155300050973892 98
1732017360603 0.09982267022132874 99
1732017360626 0.09796974062919617 100
1732017360649 0.09598289430141449 101
1732017360672 0.09384918212890625 102
1732017360696 0.09155364334583282 103
1732017360720 0.08907879889011383 104
1732017360743 0.08640413731336594 105
1732017360767 0.08350517600774765 106
1732017360790 0.08035238087177277 107
1732017360813 0.07690958678722382 108
1732017360837 0.07313159108161926 109
1732017360859 0.06896068900823593 110
1732017360883 0.06432117521762848 111
1732017360907 0.05911018326878548 112
1732017360929 0.05318146198987961 113
1732017360949 0.04631393775343895 114
1732017360973 0.038141801953315735 115
1732017360996 0.02796485275030136 116
1732017361020 0.013983412645757198 117
1732017361042 -0.0 118
1732017361067 -0.0 119
