1732017358330 2.2611801624298096 0
1732017358356 2.2611801624298096 1
1732017358407 2.2611801624298096 2
1732017358432 2.2611801624298096 3
1732017358457 2.2611801624298096 4
1732017358480 2.2611801624298096 5
1732017358506 2.2611801624298096 6
1732017358531 2.2611801624298096 7
1732017358554 2.2611801624298096 8
1732017358577 2.2611801624298096 9
1732017358598 2.2611801624298096 10
1732017358623 2.2611801624298096 11
1732017358649 2.2611801624298096 12
1732017358674 2.2611801624298096 13
1732017358696 2.2611801624298096 14
1732017358720 2.2611801624298096 15
1732017358744 2.2611801624298096 16
1732017358767 2.2611801624298096 17
1732017358789 2.2611801624298096 18
1732017358815 2.2611801624298096 19
1732017358839 2.2611801624298096 20
1732017358863 2.2611801624298096 21
1732017358887 2.2611801624298096 22
1732017358909 2.2611801624298096 23
1732017358933 2.2611801624298096 24
1732017358958 2.2611801624298096 25
1732017358982 2.2611801624298096 26
1732017359006 2.2611801624298096 27
1732017359031 2.2611801624298096 28
1732017359054 2.2611801624298096 29
1732017359079 2.2611801624298096 30
1732017359103 2.2611801624298096 31
1732017359127 2.2611801624298096 32
1732017359149 2.2611801624298096 33
1732017359172 2.2611801624298096 34
1732017359194 2.2611801624298096 35
1732017359215 2.2611801624298096 36
1732017359237 2.2611801624298096 37
1732017359259 2.2611801624298096 38
1732017359280 2.2611801624298096 39
1732017359304 2.2611801624298096 40
1732017359326 2.2611801624298096 41
1732017359348 2.2611801624298096 42
1732017359369 2.2611801624298096 43
1732017359391 2.2611801624298096 44
1732017359413 2.2611801624298096 45
1732017359434 2.2611801624298096 46
1732017359457 2.2611801624298096 47
1732017359479 2.2611801624298096 48
1732017359501 2.2611801624298096 49
1732017359524 2.2611801624298096 50
1732017359547 2.2611801624298096 51
1732017359570 2.2611801624298096 52
1732017359591 2.2611801624298096 53
1732017359613 2.2611801624298096 54
1732017359635 2.2611801624298096 55
1732017359657 2.2611801624298096 56
1732017359678 2.2611801624298096 57
1732017359701 2.2611801624298096 58
1732017359723 2.2611801624298096 59
1732017359743 2.2611801624298096 60
1732017359766 2.2611801624298096 61
1732017359788 2.2611801624298096 62
1732017359810 2.2611801624298096 63
1732017359833 2.2611801624298096 64
1732017359855 2.2611801624298096 65
1732017359877 2.2611801624298096 66
1732017359897 2.2611801624298096 67
1732017359919 2.2611801624298096 68
1732017359941 2.2611801624298096 69
1732017359962 2.2611801624298096 70
1732017359985 2.2611801624298096 71
1732017360007 2.2611801624298096 72
1732017360029 2.2611801624298096 73
1732017360051 2.2611801624298096 74
1732017360074 2.2611801624298096 75
1732017360096 2.2611801624298096 76
1732017360117 2.2611801624298096 77
1732017360139 2.2611801624298096 78
1732017360161 2.2611801624298096 79
1732017360183 2.2611801624298096 80
1732017360204 2.2611801624298096 81
1732017360226 2.2611801624298096 82
1732017360249 2.2611801624298096 83
1732017360270 2.2611801624298096 84
1732017360293 2.2611801624298096 85
1732017360316 2.2611801624298096 86
1732017360342 2.2611801624298096 87
1732017360363 2.2611801624298096 88
1732017360386 2.2611801624298096 89
1732017360408 2.2611801624298096 90
1732017360430 2.2611801624298096 91
1732017360452 2.2611801624298096 92
1732017360474 2.2611801624298096 93
1732017360496 2.2611801624298096 94
1732017360517 2.2611801624298096 95
1732017360540 2.2611801624298096 96
1732017360562 2.2611801624298096 97
1732017360584 2.2611801624298096 98
1732017360605 2.2611801624298096 99
1732017360628 2.2611801624298096 100
1732017360651 2.2611801624298096 101
1732017360674 2.2611801624298096 102
1732017360698 2.2611801624298096 103
1732017360722 2.2611801624298096 104
1732017360745 2.2611801624298096 105
1732017360770 2.2611801624298096 106
1732017360792 2.2611801624298096 107
1732017360815 2.2611801624298096 108
1732017360839 2.2611801624298096 109
1732017360862 2.2611801624298096 110
1732017360885 2.2611801624298096 111
1732017360909 2.2611801624298096 112
1732017360931 2.2611801624298096 113
1732017360951 2.2611801624298096 114
1732017360975 2.2611801624298096 115
1732017360998 2.2611801624298096 116
1732017361022 2.2611801624298096 117
1732017361044 2.2611801624298096 118
1732017361069 2.2611801624298096 119
