1732017358334 2.0432381629943848 0
1732017358360 1.8538738489151 1
1732017358412 1.821136713027954 2
1732017358436 1.7813034057617188 3
1732017358461 1.7316482067108154 4
1732017358486 1.6676201820373535 5
1732017358511 1.5800917148590088 6
1732017358535 1.4689210653305054 7
1732017358558 1.3339354991912842 8
1732017358581 1.2587512731552124 9
1732017358602 1.2454841136932373 10
1732017358628 1.2309620380401611 11
1732017358653 1.2148706912994385 12
1732017358678 1.196716070175171 13
1732017358701 1.1756165027618408 14
1732017358724 1.1495696306228638 15
1732017358748 1.1143510341644287 16
1732017358771 1.1061334609985352 17
1732017358795 1.0972498655319214 18
1732017358819 1.0875844955444336 19
1732017358843 1.07698655128479 20
1732017358867 1.065253496170044 21
1732017358891 1.0521025657653809 22
1732017358913 1.0371198654174805 23
1732017358938 1.0196549892425537 24
1732017358963 1.0043151378631592 25
1732017358987 1.0041931867599487 26
1732017359011 1.0040669441223145 27
1732017359035 1.003936529159546 28
1732017359059 1.0038013458251953 29
1732017359083 1.0036616325378418 30
1732017359108 1.0035169124603271 31
1732017359132 1.003367304801941 32
1732017359153 1.0032124519348145 33
1732017359176 1.0030522346496582 34
1732017359198 1.0028862953186035 35
1732017359219 1.002714991569519 36
1732017359241 1.002537488937378 37
1732017359263 1.0023539066314697 38
1732017359285 1.0021638870239258 39
1732017359308 1.0019675493240356 40
1732017359330 1.001764178276062 41
1732017359352 1.0015538930892944 42
1732017359373 1.0013360977172852 43
1732017359395 1.0011110305786133 44
1732017359417 1.000878095626831 45
1732017359439 1.0006370544433594 46
1732017359461 1.0003876686096191 47
1732017359483 1.0001296997070312 48
1732017359506 0.9998626708984375 49
1732017359528 0.9995864629745483 50
1732017359551 0.9993005990982056 51
1732017359574 0.9990048408508301 52
1732017359596 0.9986987113952637 53
1732017359617 0.9983819723129272 54
1732017359639 0.9980541467666626 55
1732017359661 0.9977148771286011 56
1732017359682 0.9973636865615845 57
1732017359704 0.9970001578330994 58
1732017359727 0.9966238737106323 59
1732017359747 0.9962342381477356 60
1732017359769 0.9958308339118958 61
1732017359791 0.995413064956665 62
1732017359815 0.9949805736541748 63
1732017359837 0.994532585144043 64
1732017359859 0.9940685033798218 65
1732017359881 0.9935877919197083 66
1732017359901 0.9930896759033203 67
1732017359923 0.992573618888855 68
1732017359945 0.9920386075973511 69
1732017359967 0.9914840459823608 70
1732017359989 0.990909218788147 71
1732017360011 0.990312933921814 72
1732017360033 0.9896945953369141 73
1732017360055 0.9890530109405518 74
1732017360078 0.9883873462677002 75
1732017360100 0.9876964092254639 76
1732017360122 0.986979067325592 77
1732017360143 0.9862339496612549 78
1732017360165 0.9854600429534912 79
1732017360187 0.9846557378768921 80
1732017360208 0.9838196039199829 81
1732017360230 0.9829500317573547 82
1732017360253 0.9820453524589539 83
1732017360274 0.981103777885437 84
1732017360297 0.9801231622695923 85
1732017360321 0.9791015982627869 86
1732017360346 0.9780367612838745 87
1732017360368 0.9769259691238403 88
1732017360390 0.9757667779922485 89
1732017360412 0.9745562076568604 90
1732017360434 0.9732909202575684 91
1732017360455 0.9719676971435547 92
1732017360478 0.9705823659896851 93
1732017360500 0.9691308736801147 94
1732017360522 0.9676085710525513 95
1732017360543 0.9660102128982544 96
1732017360566 0.9643298387527466 97
1732017360588 0.9625612497329712 98
1732017360609 0.960696816444397 99
1732017360632 0.9587284922599792 100
1732017360655 0.9566466808319092 101
1732017360680 0.9544404745101929 102
1732017360702 0.9520971775054932 103
1732017360726 0.9496022462844849 104
1732017360749 0.9469380378723145 105
1732017360774 0.9440840482711792 106
1732017360796 0.9410148859024048 107
1732017360819 0.9376997947692871 108
1732017360843 0.9340999722480774 109
1732017360866 0.9301656484603882 110
1732017360889 0.9258315563201904 111
1732017360913 0.9210087060928345 112
1732017360935 0.9155699014663696 113
1732017360956 0.9093220829963684 114
1732017360979 0.9019443392753601 115
1732017361002 0.8928197622299194 116
1732017361027 0.8803527355194092 117
1732017361050 0.8678990602493286 118
1732017361073 0.8678990602493286 119
