1732017358336 0.0 0
1732017358389 0.0 1
1732017358414 0.0 2
1732017358439 0.0 3
1732017358463 0.0 4
1732017358488 0.0 5
1732017358515 0.0 6
1732017358537 0.0 7
1732017358560 0.0 8
1732017358583 0.0 9
1732017358604 0.0 10
1732017358631 0.0 11
1732017358655 0.0 12
1732017358680 0.0 13
1732017358704 0.0 14
1732017358726 0.0 15
1732017358750 0.0 16
1732017358773 0.0 17
1732017358797 0.0 18
1732017358821 0.0 19
1732017358845 0.0 20
1732017358869 0.0 21
1732017358893 0.0 22
1732017358916 0.0 23
1732017358940 0.0 24
1732017358965 0.0 25
1732017358989 0.0 26
1732017359013 0.0 27
1732017359037 0.0 28
1732017359061 0.0 29
1732017359085 0.0 30
1732017359110 0.0 31
1732017359134 0.0 32
1732017359155 0.0 33
1732017359178 0.0 34
1732017359200 0.0 35
1732017359221 0.0 36
1732017359243 0.0 37
1732017359265 0.0 38
1732017359287 0.0 39
1732017359310 0.0 40
1732017359332 0.0 41
1732017359354 0.0 42
1732017359375 0.0 43
1732017359397 0.0 44
1732017359419 0.0 45
1732017359442 0.0 46
1732017359463 0.0 47
1732017359485 0.0 48
1732017359508 0.0 49
1732017359530 0.0 50
1732017359553 0.0 51
1732017359576 0.0 52
1732017359598 0.0 53
1732017359619 0.0 54
1732017359641 0.0 55
1732017359663 0.0 56
1732017359684 0.0 57
1732017359706 0.0 58
1732017359729 0.0 59
1732017359750 0.0 60
1732017359771 0.0 61
1732017359793 0.0 62
1732017359818 0.0 63
1732017359838 0.0 64
1732017359861 0.0 65
1732017359882 0.0 66
1732017359903 0.0 67
1732017359925 0.0 68
1732017359947 0.0 69
1732017359970 0.0 70
1732017359991 0.0 71
1732017360013 0.0 72
1732017360035 0.0 73
1732017360057 0.0 74
1732017360080 0.0 75
1732017360102 0.0 76
1732017360124 0.0 77
1732017360145 0.0 78
1732017360167 0.0 79
1732017360189 0.0 80
1732017360210 0.0 81
1732017360232 0.0 82
1732017360255 0.0 83
1732017360277 0.0 84
1732017360298 0.0 85
1732017360324 0.0 86
1732017360348 0.0 87
1732017360370 0.0 88
1732017360392 0.0 89
1732017360414 0.0 90
1732017360436 0.0 91
1732017360457 0.0 92
1732017360480 0.0 93
1732017360502 0.0 94
1732017360524 0.0 95
1732017360545 0.0 96
1732017360568 0.0 97
1732017360590 0.0 98
1732017360611 0.0 99
1732017360634 0.0 100
1732017360657 0.0 101
1732017360682 0.0 102
1732017360704 0.0 103
1732017360728 0.0 104
1732017360752 0.0 105
1732017360776 0.0 106
1732017360798 0.0 107
1732017360822 0.0 108
1732017360845 0.0 109
1732017360868 0.0 110
1732017360891 0.0 111
1732017360915 0.0 112
1732017360937 0.0 113
1732017360958 0.0 114
1732017360981 0.0 115
1732017361004 0.0 116
1732017361029 0.0 117
1732017361052 0.0 118
1732017361075 0.0 119
