1731942265226 -0.0757749080657959 0
1731942265268 -0.12187027931213379 1
1731942265300 -0.1437690258026123 2
1731942265334 -0.1625584363937378 3
1731942265364 -0.18516194820404053 4
1731942265393 -0.2151397466659546 5
1731942265422 -0.23001551628112793 6
1731942265450 -0.24336278438568115 7
1731942265479 -0.257781982421875 8
1731942265515 -0.27349162101745605 9
1731942265544 -0.29078900814056396 10
1731942265573 -0.31009435653686523 11
1731942265602 -0.3320446014404297 12
1731942265630 -0.3577108383178711 13
1731942265659 -0.38923442363739014 14
1731942265689 -0.4328780174255371 15
1731942265722 -0.47984135150909424 16
1731942265755 -0.5020617246627808 17
1731942265781 -0.5258291959762573 18
1731942265809 -0.5514326095581055 19
1731942265838 -0.5792665481567383 20
1731942265867 -0.5945792198181152 21
1731942265896 -0.6097226142883301 22
1731942265927 -0.6286838054656982 23
1731942265956 -0.6468988656997681 24
1731942265993 -0.6527433395385742 25
1731942266031 -0.6527433395385742 26
