1731942265233 2e-05 0
1731942265274 -0.04609537124633789 1
1731942265306 -0.021898746490478516 2
1731942265339 -0.01878941059112549 3
1731942265369 -0.022603511810302734 4
1731942265398 -0.029977798461914062 5
1731942265427 -0.01487576961517334 6
1731942265456 -0.013347268104553223 7
1731942265485 -0.014419198036193848 8
1731942265520 -0.015709638595581055 9
1731942265550 -0.01729738712310791 10
1731942265580 -0.01930534839630127 11
1731942265609 -0.021950244903564453 12
1731942265638 -0.025666236877441406 13
1731942265667 -0.03152358531951904 14
1731942265697 -0.04364359378814697 15
1731942265730 -0.04696333408355713 16
1731942265760 -0.022220373153686523 17
1731942265788 -0.023767471313476562 18
1731942265817 -0.025603413581848145 19
1731942265846 -0.027833938598632812 20
1731942265872 -0.015312671661376953 21
1731942265901 -0.015143394470214844 22
1731942265932 -0.018961191177368164 23
1731942265963 -0.018215060234069824 24
1731942266002 -0.005844473838806152 25
1731942266037 0.0 26
