1731942265230 2e-05 0
1731942265271 0.11190269887447357 1
1731942265303 0.0633636936545372 2
1731942265336 0.05688679218292236 3
1731942265366 0.06184431537985802 4
1731942265396 0.06974584609270096 5
1731942265424 0.0469701886177063 6
1731942265454 0.04829984903335571 7
1731942265482 0.05013538897037506 8
1731942265518 0.05224866792559624 9
1731942265547 0.054717425256967545 10
1731942265576 0.05765906348824501 11
1731942265606 0.06126527488231659 12
1731942265635 0.0658857598900795 13
1731942265664 0.07227110117673874 14
1731942265693 0.0825517475605011 15
1731942265727 0.07244160026311874 16
1731942265758 0.05584806948900223 17
1731942265785 0.0576859675347805 18
1731942265813 0.05977660045027733 19
1731942265841 0.062196530401706696 20
1731942265870 0.04284219443798065 21
1731942265899 0.04528188705444336 22
1731942265929 0.049664098769426346 23
1731942265960 0.04497330263257027 24
1731942265998 0.01740311272442341 25
1731942266034 0.0 26
