1731942265250 2.2655906677246094 0
1731942265284 2.2377095222473145 1
1731942265321 2.2200675010681152 2
1731942265352 2.210399866104126 3
1731942265379 2.1995906829833984 4
1731942265407 2.187032461166382 5
1731942265436 2.1800262928009033 6
1731942265465 2.1733741760253906 7
1731942265499 2.166194438934326 8
1731942265530 2.1583614349365234 9
1731942265559 2.1496992111206055 10
1731942265590 2.139951705932617 11
1731942265618 2.128716468811035 12
1731942265648 2.1152963638305664 13
1731942265678 2.0982542037963867 14
1731942265707 2.0733156204223633 15
1731942265741 2.0475528240203857 16
1731942265769 2.038788080215454 17
1731942265798 2.029662609100342 18
1731942265828 2.020127534866333 19
1731942265857 2.010125160217285 20
1731942265885 2.007258415222168 21
1731942265915 2.005664348602295 22
1731942265946 2.0043749809265137 23
1731942265980 2.0015311241149902 24
1731942266017 1.9999998807907104 25
1731942266049 1.9999998807907104 26
