1731942265238 1.2136443853378296 0
1731942265276 1.2340964078903198 1
1731942265309 1.2519311904907227 2
1731942265341 1.268855333328247 3
1731942265371 1.2841229438781738 4
1731942265400 1.2972251176834106 5
1731942265429 1.3121848106384277 6
1731942265458 1.3267357349395752 7
1731942265488 1.340417742729187 8
1731942265523 1.3531558513641357 9
1731942265552 1.3648412227630615 10
1731942265582 1.3753087520599365 11
1731942265612 1.3842954635620117 12
1731942265641 1.3913512229919434 13
1731942265670 1.3956066370010376 14
1731942265699 1.3949779272079468 15
1731942265733 1.4035704135894775 16
1731942265762 1.4212099313735962 17
1731942265791 1.4383013248443604 18
1731942265820 1.454818606376648 19
1731942265849 1.470726728439331 20
1731942265877 1.4782006740570068 21
1731942265904 1.4841866493225098 22
1731942265934 1.4897537231445312 23
1731942265967 1.496882438659668 24
1731942266006 1.5 25
1731942266040 1.5 26
