1731942265243 1.0755106210708618 0
1731942265279 1.0031108856201172 1
1731942265312 0.9762768745422363 2
1731942265344 0.9549155235290527 3
1731942265374 0.9231881499290466 4
1731942265403 0.8669737577438354 5
1731942265432 0.8468178510665894 6
1731942265461 0.8335198163986206 7
1731942265493 0.816794216632843 8
1731942265525 0.7960416078567505 9
1731942265554 0.770449161529541 10
1731942265585 0.7388667464256287 11
1731942265614 0.6995640993118286 12
1731942265643 0.6496804356575012 13
1731942265673 0.5836638808250427 14
1731942265702 0.48624926805496216 15
1731942265736 0.3901800513267517 16
1731942265765 0.353412389755249 17
1731942265794 0.30994635820388794 18
1731942265823 0.2571036219596863 19
1731942265852 0.18668705224990845 20
1731942265880 0.14928604662418365 21
1731942265908 0.11617165803909302 22
1731942265940 0.07229728251695633 23
1731942265973 0.023929642513394356 24
1731942266011 -0.0 25
1731942266043 -0.0 26
