1731942265246 2.0550365447998047 0
1731942265281 2.0550365447998047 1
1731942265315 2.0550365447998047 2
1731942265348 2.0550365447998047 3
1731942265376 2.0550365447998047 4
1731942265405 2.0550365447998047 5
1731942265434 2.0550365447998047 6
1731942265463 2.0550365447998047 7
1731942265496 2.0550365447998047 8
1731942265527 2.0550365447998047 9
1731942265557 2.0550365447998047 10
1731942265587 2.0550365447998047 11
1731942265616 2.0550365447998047 12
1731942265646 2.0550365447998047 13
1731942265675 2.0550365447998047 14
1731942265705 2.0550365447998047 15
1731942265738 2.0550365447998047 16
1731942265767 2.0550365447998047 17
1731942265796 2.0550365447998047 18
1731942265825 2.0550365447998047 19
1731942265855 2.0550365447998047 20
1731942265882 2.0550365447998047 21
1731942265912 2.0550365447998047 22
1731942265943 2.0550365447998047 23
1731942265977 2.0550365447998047 24
1731942266014 2.0550365447998047 25
1731942266046 2.0550365447998047 26
