1731942265254 1.9792616367340088 0
1731942265289 1.933166265487671 1
1731942265324 1.9112675189971924 2
1731942265355 1.892478108406067 3
1731942265384 1.8698745965957642 4
1731942265410 1.83989679813385 5
1731942265439 1.8250210285186768 6
1731942265467 1.8116737604141235 7
1731942265501 1.7972545623779297 8
1731942265532 1.7815449237823486 9
1731942265561 1.7642475366592407 10
1731942265592 1.7449421882629395 11
1731942265621 1.722991943359375 12
1731942265651 1.6973257064819336 13
1731942265680 1.6658021211624146 14
1731942265711 1.6221585273742676 15
1731942265745 1.5751951932907104 16
1731942265771 1.552974820137024 17
1731942265801 1.5292073488235474 18
1731942265830 1.5036039352416992 19
1731942265859 1.4757699966430664 20
1731942265888 1.4604573249816895 21
1731942265918 1.4453139305114746 22
1731942265948 1.4263527393341064 23
1731942265983 1.4081376791000366 24
1731942266021 1.4022932052612305 25
1731942266052 1.4022932052612305 26
