1731942265258 0.0 0
1731942265292 0.0 1
1731942265326 0.0 2
1731942265357 0.0 3
1731942265386 0.0 4
1731942265415 0.0 5
1731942265443 0.0 6
1731942265470 0.0 7
1731942265505 0.0 8
1731942265536 0.0 9
1731942265564 0.0 10
1731942265594 0.0 11
1731942265623 0.0 12
1731942265653 0.0 13
1731942265683 0.0 14
1731942265714 0.0 15
1731942265748 0.0 16
1731942265774 0.0 17
1731942265803 0.0 18
1731942265832 0.0 19
1731942265861 0.0 20
1731942265890 0.0 21
1731942265920 0.0 22
1731942265950 0.0 23
1731942265985 0.0 24
1731942266024 0.0 25
1731942266055 0.0 26
