1732020750802 0.3075108528137207 0
1732020750826 0.0924990177154541 1
1732020750850 0.04272913932800293 2
1732020750873 0.02440178394317627 3
1732020750895 0.015045166015625 4
1732020750920 0.009822249412536621 5
1732020750944 0.006711125373840332 6
1732020750969 0.004749417304992676 7
1732020750994 0.0034499168395996094 8
1732020751017 0.0025528669357299805 9
1732020751040 0.001914381980895996 10
1732020751064 0.0014492273330688477 11
1732020751089 0.0011043548583984375 12
1732020751112 0.000845789909362793 13
1732020751135 0.0006498098373413086 14
1732020751160 0.0005006790161132812 15
1732020751184 0.00038695335388183594 16
1732020751208 0.0002994537353515625 17
1732020751230 0.00023186206817626953 18
1732020751252 0.00017976760864257812 19
1732020751275 0.0001399517059326172 20
1732020751298 0.00010895729064941406 21
1732020751319 8.52346420288086e-05 22
1732020751343 6.604194641113281e-05 23
1732020751366 5.1856040954589844e-05 24
1732020751389 4.0531158447265625e-05 25
1732020751413 3.170967102050781e-05 26
1732020751436 2.5033950805664062e-05 27
1732020751460 1.9788742065429688e-05 28
1732020751483 1.5497207641601562e-05 29
1732020751504 1.2040138244628906e-05 30
1732020751527 9.5367431640625e-06 31
1732020751550 7.510185241699219e-06 32
1732020751573 6.198883056640625e-06 33
1732020751594 4.76837158203125e-06 34
1732020751617 3.6954879760742188e-06 35
1732020751640 2.9802322387695312e-06 36
1732020751663 2.5033950805664062e-06 37
1732020751685 1.9073486328125e-06 38
1732020751708 1.3113021850585938e-06 39
1732020751731 1.3113021850585938e-06 40
1732020751751 1.3113021850585938e-06 41
1732020751774 5.960464477539062e-07 42
1732020751797 8.344650268554688e-07 43
1732020751819 4.76837158203125e-07 44
1732020751840 2.384185791015625e-07 45
1732020751863 2.384185791015625e-07 46
1732020751886 2.384185791015625e-07 47
1732020751909 2.384185791015625e-07 48
1732020751931 0.0 49
1732020751954 1.1920928955078125e-07 50
1732020751977 1.1920928955078125e-07 51
1732020752001 3.5762786865234375e-07 52
1732020752023 1.1920928955078125e-07 53
1732020752045 0.0 54
1732020752068 -1.1920928955078125e-07 55
1732020752089 -2.384185791015625e-07 56
1732020752111 -1.1920928955078125e-07 57
1732020752134 0.0 58
1732020752158 -1.1920928955078125e-07 59
1732020752180 -2.384185791015625e-07 60
1732020752203 0.0 61
1732020752226 0.0 62
1732020752248 0.0 63
1732020752269 0.0 64
1732020752292 1.1920928955078125e-07 65
1732020752315 1.1920928955078125e-07 66
1732020752336 1.1920928955078125e-07 67
1732020752360 2.384185791015625e-07 68
1732020752385 4.76837158203125e-07 69
1732020752408 2.384185791015625e-07 70
1732020752432 2.384185791015625e-07 71
1732020752454 4.76837158203125e-07 72
1732020752477 3.5762786865234375e-07 73
1732020752500 4.76837158203125e-07 74
1732020752522 3.5762786865234375e-07 75
1732020752544 3.5762786865234375e-07 76
1732020752566 2.384185791015625e-07 77
