1732020750805 2e-05 0
1732020750830 0.7557081580162048 1
1732020750852 0.2581917643547058 2
1732020750875 0.14708060026168823 3
1732020750898 0.10386881977319717 4
1732020750924 0.07702914625406265 5
1732020750947 0.05906163528561592 6
1732020750971 0.04662340506911278 7
1732020750997 0.03775812312960625 8
1732020751020 0.0312363114207983 9
1732020751042 0.026275990530848503 10
1732020751067 0.02238132618367672 11
1732020751091 0.019237779080867767 12
1732020751115 0.016643330454826355 13
1732020751139 0.014465411193668842 14
1732020751163 0.012614089995622635 15
1732020751187 0.011026195250451565 16
1732020751210 0.009655526839196682 17
1732020751233 0.008466974832117558 18
1732020751254 0.007432966493070126 19
1732020751278 0.006531331688165665 20
1732020751301 0.0057437787763774395 21
1732020751323 0.005054958630353212 22
1732020751345 0.004451853688806295 23
1732020751369 0.003923322539776564 24
1732020751392 0.0034598102793097496 25
1732020751417 0.003053022548556328 26
1732020751439 0.002695770002901554 27
1732020751463 0.0023818365298211575 28
1732020751485 0.0021057669073343277 29
1732020751507 0.0018628796096891165 30
1732020751530 0.001649040263146162 31
1732020751552 0.0014605995966121554 32
1732020751575 0.0012945214984938502 33
1732020751596 0.001148022711277008 34
1732020751619 0.0010186790022999048 35
1732020751642 0.0009044521139003336 36
1732020751666 0.0008034803904592991 37
1732020751688 0.0007141924579627812 38
1732020751710 0.0006351808551698923 39
1732020751733 0.0005652023246511817 40
1732020751755 0.0005032062181271613 41
1732020751776 0.0004482387157622725 42
1732020751799 0.00039946503238752484 43
1732020751822 0.0003561723860912025 44
1732020751842 0.0003177245962433517 45
1732020751865 0.0002835659252014011 46
1732020751888 0.00025319578708149493 47
1732020751912 0.0002261704212287441 48
1732020751933 0.00020210628281347454 49
1732020751956 0.00018068864301312715 50
1732020751980 0.00016158929793164134 51
1732020752004 0.00014459117664955556 52
1732020752025 0.00012941200111526996 53
1732020752048 0.00011585360334720463 54
1732020752070 0.00010376849968452007 55
1732020752092 9.295433847000822e-05 56
1732020752114 8.332859579240903e-05 57
1732020752136 7.46959776734002e-05 58
1732020752160 6.698437209706753e-05 59
1732020752184 6.008525815559551e-05 60
1732020752206 5.388703357311897e-05 61
1732020752229 4.839431494474411e-05 62
1732020752251 4.342436295701191e-05 63
1732020752272 3.89618071494624e-05 64
1732020752294 3.501124228932895e-05 65
1732020752317 3.14409080601763e-05 66
1732020752339 2.8259921236895025e-05 67
1732020752363 2.5377548809046857e-05 68
1732020752387 2.2818081561126746e-05 69
1732020752411 2.049956856353674e-05 70
1732020752435 1.842171150201466e-05 71
1732020752456 1.657459324633237e-05 72
1732020752479 1.4918786291673314e-05 73
1732020752503 1.341457937087398e-05 74
1732020752525 1.2104595953132957e-05 75
1732020752546 1.0856331755348947e-05 76
1732020752569 9.749038326845039e-06 77
