1732020750807 2e-05 0
1732020750832 -0.2150118350982666 1
1732020750854 -0.04976987838745117 2
1732020750877 -0.01832735538482666 3
1732020750900 -0.00935661792755127 4
1732020750926 -0.005222916603088379 5
1732020750949 -0.003111124038696289 6
1732020750974 -0.0019617080688476562 7
1732020750999 -0.0012995004653930664 8
1732020751022 -0.0008970499038696289 9
1732020751045 -0.0006384849548339844 10
1732020751069 -0.00046515464782714844 11
1732020751094 -0.00034487247467041016 12
1732020751117 -0.00025856494903564453 13
1732020751141 -0.00019598007202148438 14
1732020751165 -0.00014913082122802734 15
1732020751189 -0.00011372566223144531 16
1732020751212 -8.749961853027344e-05 17
1732020751235 -6.759166717529297e-05 18
1732020751256 -5.2094459533691406e-05 19
1732020751280 -3.981590270996094e-05 20
1732020751303 -3.0994415283203125e-05 21
1732020751325 -2.372264862060547e-05 22
1732020751348 -1.919269561767578e-05 23
1732020751371 -1.4185905456542969e-05 24
1732020751395 -1.1324882507324219e-05 25
1732020751419 -8.821487426757812e-06 26
1732020751441 -6.67572021484375e-06 27
1732020751465 -5.245208740234375e-06 28
1732020751488 -4.291534423828125e-06 29
1732020751510 -3.4570693969726562e-06 30
1732020751532 -2.5033950805664062e-06 31
1732020751555 -2.0265579223632812e-06 32
1732020751577 -1.3113021850585938e-06 33
1732020751599 -1.430511474609375e-06 34
1732020751621 -1.0728836059570312e-06 35
1732020751645 -7.152557373046875e-07 36
1732020751669 -4.76837158203125e-07 37
1732020751690 -5.960464477539062e-07 38
1732020751713 -5.960464477539062e-07 39
1732020751735 0.0 40
1732020751757 0.0 41
1732020751778 -7.152557373046875e-07 42
1732020751801 2.384185791015625e-07 43
1732020751824 -3.5762786865234375e-07 44
1732020751845 -2.384185791015625e-07 45
1732020751867 0.0 46
1732020751890 0.0 47
1732020751914 0.0 48
1732020751935 -2.384185791015625e-07 49
1732020751958 1.1920928955078125e-07 50
1732020751983 0.0 51
1732020752006 2.384185791015625e-07 52
1732020752027 -2.384185791015625e-07 53
1732020752050 -1.1920928955078125e-07 54
1732020752073 -1.1920928955078125e-07 55
1732020752094 -1.1920928955078125e-07 56
1732020752116 1.1920928955078125e-07 57
1732020752138 1.1920928955078125e-07 58
1732020752163 -1.1920928955078125e-07 59
1732020752186 -1.1920928955078125e-07 60
1732020752208 2.384185791015625e-07 61
1732020752231 0.0 62
1732020752253 0.0 63
1732020752274 0.0 64
1732020752296 1.1920928955078125e-07 65
1732020752319 0.0 66
1732020752342 0.0 67
1732020752365 1.1920928955078125e-07 68
1732020752389 2.384185791015625e-07 69
1732020752414 -2.384185791015625e-07 70
1732020752438 0.0 71
1732020752459 2.384185791015625e-07 72
1732020752482 -1.1920928955078125e-07 73
1732020752505 1.1920928955078125e-07 74
1732020752527 -1.1920928955078125e-07 75
1732020752548 0.0 76
1732020752571 -1.1920928955078125e-07 77
