1732020750816 2.334416151046753 0
1732020750841 2.3411598205566406 1
1732020750863 2.34637713432312 2
1732020750885 2.350308418273926 3
1732020750910 2.3531410694122314 4
1732020750935 2.3552439212799072 5
1732020750959 2.356828451156616 6
1732020750983 2.3580288887023926 7
1732020751007 2.3589401245117188 8
1732020751030 2.3596315383911133 9
1732020751055 2.360156297683716 10
1732020751079 2.3605542182922363 11
1732020751102 2.360856056213379 12
1732020751126 2.3610846996307373 13
1732020751150 2.3612582683563232 14
1732020751175 2.3613901138305664 15
1732020751197 2.361490249633789 16
1732020751220 2.3615665435791016 17
1732020751243 2.361624002456665 18
1732020751266 2.361668586730957 19
1732020751287 2.3617024421691895 20
1732020751310 2.3617281913757324 21
1732020751333 2.3617477416992188 22
1732020751357 2.3617630004882812 23
1732020751379 2.3617746829986572 24
1732020751404 2.361783981323242 25
1732020751427 2.361790657043457 26
1732020751451 2.3617963790893555 27
1732020751472 2.3618006706237793 28
1732020751495 2.3618037700653076 29
1732020751518 2.3618061542510986 30
1732020751541 2.3618083000183105 31
1732020751562 2.3618099689483643 32
1732020751585 2.3618111610412598 33
1732020751608 2.361812114715576 34
1732020751629 2.3618128299713135 35
1732020751654 2.3618133068084717 36
1732020751676 2.36181378364563 37
1732020751699 2.361814498901367 38
1732020751720 2.361814498901367 39
1732020751743 2.3618149757385254 40
1732020751765 2.3618149757385254 41
1732020751787 2.3618152141571045 42
1732020751809 2.3618154525756836 43
1732020751831 2.3618154525756836 44
1732020751854 2.3618154525756836 45
1732020751875 2.3618154525756836 46
1732020751899 2.3618154525756836 47
1732020751922 2.3618154525756836 48
1732020751944 2.3618156909942627 49
1732020751966 2.3618154525756836 50
1732020751991 2.3618156909942627 51
1732020752014 2.3618154525756836 52
1732020752037 2.3618156909942627 53
1732020752057 2.3618154525756836 54
1732020752080 2.3618156909942627 55
1732020752102 2.3618156909942627 56
1732020752125 2.3618156909942627 57
1732020752147 2.3618156909942627 58
1732020752171 2.3618154525756836 59
1732020752194 2.3618156909942627 60
1732020752217 2.361815929412842 61
1732020752238 2.3618154525756836 62
1732020752261 2.3618156909942627 63
1732020752283 2.3618156909942627 64
1732020752304 2.3618156909942627 65
1732020752327 2.3618156909942627 66
1732020752351 2.3618154525756836 67
1732020752375 2.3618156909942627 68
1732020752398 2.3618156909942627 69
1732020752422 2.3618154525756836 70
1732020752445 2.361815929412842 71
1732020752468 2.361815929412842 72
1732020752490 2.3618156909942627 73
1732020752513 2.3618156909942627 74
1732020752535 2.3618156909942627 75
1732020752557 2.361815929412842 76
1732020752578 2.3618156909942627 77
