1732020750810 1.966376781463623 0
1732020750835 1.9813543558120728 1
1732020750856 1.982842206954956 2
1732020750879 1.9828418493270874 3
1732020750902 1.9825106859207153 4
1732020750929 1.9819984436035156 5
1732020750951 1.9814186096191406 6
1732020750976 1.9808388948440552 7
1732020751001 1.9802947044372559 8
1732020751024 1.979801058769226 9
1732020751048 1.9793627262115479 10
1732020751071 1.9789788722991943 11
1732020751096 1.9786453247070312 12
1732020751120 1.9783574342727661 13
1732020751144 1.9781100749969482 14
1732020751167 1.977898359298706 15
1732020751191 1.9777175188064575 16
1732020751214 1.977563738822937 17
1732020751237 1.9774329662322998 18
1732020751258 1.9773222208023071 19
1732020751282 1.9772282838821411 20
1732020751305 1.9771490097045898 21
1732020751327 1.9770821332931519 22
1732020751350 1.9770253896713257 23
1732020751373 1.9769779443740845 24
1732020751397 1.976938009262085 25
1732020751421 1.976904273033142 26
1732020751443 1.976876139640808 27
1732020751467 1.9768524169921875 28
1732020751490 1.976832628250122 29
1732020751512 1.976815938949585 30
1732020751533 1.9768019914627075 31
1732020751557 1.976790428161621 32
1732020751579 1.976780891418457 33
1732020751601 1.9767727851867676 34
1732020751623 1.9767661094665527 35
1732020751647 1.9767603874206543 36
1732020751671 1.9767560958862305 37
1732020751693 1.9767522811889648 38
1732020751714 1.9767489433288574 39
1732020751737 1.9767464399337769 40
1732020751759 1.976744294166565 41
1732020751780 1.9767426252365112 42
1732020751803 1.976741075515747 43
1732020751826 1.9767400026321411 44
1732020751848 1.9767391681671143 45
1732020751869 1.9767385721206665 46
1732020751892 1.9767379760742188 47
1732020751916 1.9767374992370605 48
1732020751938 1.9767372608184814 49
1732020751960 1.9767370223999023 50
1732020751985 1.9767367839813232 51
1732020752008 1.9767367839813232 52
1732020752030 1.9767365455627441 53
1732020752052 1.9767365455627441 54
1732020752074 1.9767364263534546 55
1732020752097 1.9767364263534546 56
1732020752118 1.9767365455627441 57
1732020752140 1.9767366647720337 58
1732020752165 1.9767366647720337 59
1732020752188 1.9767366647720337 60
1732020752210 1.9767367839813232 61
1732020752233 1.9767367839813232 62
1732020752255 1.9767367839813232 63
1732020752277 1.9767369031906128 64
1732020752298 1.9767370223999023 65
1732020752321 1.976737141609192 66
1732020752344 1.976737141609192 67
1732020752368 1.976737141609192 68
1732020752391 1.976737380027771 69
1732020752416 1.9767372608184814 70
1732020752440 1.9767372608184814 71
1732020752462 1.9767374992370605 72
1732020752484 1.976737380027771 73
1732020752507 1.9767374992370605 74
1732020752529 1.9767374992370605 75
1732020752551 1.9767374992370605 76
1732020752573 1.9767374992370605 77
