1732020750812 1.6588659286499023 0
1732020750837 1.8888553380966187 1
1732020750858 1.9401130676269531 2
1732020750881 1.9584400653839111 3
1732020750905 1.9674655199050903 4
1732020750931 1.972176194190979 5
1732020750954 1.9747074842453003 6
1732020750978 1.9760894775390625 7
1732020751003 1.9768447875976562 8
1732020751026 1.977248191833496 9
1732020751050 1.9774483442306519 10
1732020751073 1.9775296449661255 11
1732020751098 1.9775409698486328 12
1732020751122 1.9775116443634033 13
1732020751146 1.977460265159607 14
1732020751170 1.9773976802825928 15
1732020751193 1.9773305654525757 16
1732020751216 1.9772642850875854 17
1732020751239 1.9772011041641235 18
1732020751261 1.9771424531936646 19
1732020751283 1.9770883321762085 20
1732020751307 1.9770400524139404 21
1732020751329 1.976996898651123 22
1732020751352 1.9769593477249146 23
1732020751375 1.9769260883331299 24
1732020751400 1.9768974781036377 25
1732020751423 1.9768725633621216 26
1732020751446 1.9768511056900024 27
1732020751469 1.976832628250122 28
1732020751491 1.9768171310424805 29
1732020751514 1.9768038988113403 30
1732020751535 1.9767924547195435 31
1732020751558 1.9767829179763794 32
1732020751581 1.9767746925354004 33
1732020751604 1.9767680168151855 34
1732020751625 1.9767624139785767 35
1732020751650 1.9767574071884155 36
1732020751673 1.97675359249115 37
1732020751695 1.976750373840332 38
1732020751716 1.9767476320266724 39
1732020751739 1.9767451286315918 40
1732020751761 1.9767429828643799 41
1732020751782 1.9767420291900635 42
1732020751805 1.9767402410507202 43
1732020751828 1.976739525794983 44
1732020751850 1.9767389297485352 45
1732020751871 1.9767383337020874 46
1732020751895 1.9767377376556396 47
1732020751918 1.9767372608184814 48
1732020751941 1.9767372608184814 49
1732020751962 1.9767369031906128 50
1732020751987 1.9767366647720337 51
1732020752010 1.9767364263534546 52
1732020752033 1.9767364263534546 53
1732020752054 1.9767365455627441 54
1732020752076 1.9767365455627441 55
1732020752098 1.9767366647720337 56
1732020752120 1.9767366647720337 57
1732020752142 1.9767366647720337 58
1732020752167 1.9767367839813232 59
1732020752190 1.9767369031906128 60
1732020752211 1.9767367839813232 61
1732020752234 1.9767367839813232 62
1732020752257 1.9767367839813232 63
1732020752279 1.9767369031906128 64
1732020752300 1.9767369031906128 65
1732020752323 1.9767370223999023 66
1732020752347 1.9767370223999023 67
1732020752371 1.9767369031906128 68
1732020752393 1.9767369031906128 69
1732020752418 1.9767370223999023 70
1732020752442 1.9767370223999023 71
1732020752464 1.9767370223999023 72
1732020752485 1.9767370223999023 73
1732020752509 1.9767370223999023 74
1732020752531 1.976737141609192 75
1732020752553 1.976737141609192 76
1732020752575 1.9767372608184814 77
