1732020750814 2.014693021774292 0
1732020750839 2.014693021774292 1
1732020750861 2.014693021774292 2
1732020750883 2.014693021774292 3
1732020750908 2.014693021774292 4
1732020750933 2.014693021774292 5
1732020750957 2.014693021774292 6
1732020750980 2.014693021774292 7
1732020751005 2.014693021774292 8
1732020751028 2.014693021774292 9
1732020751052 2.014693021774292 10
1732020751076 2.014693021774292 11
1732020751100 2.014693021774292 12
1732020751124 2.014693021774292 13
1732020751148 2.014693021774292 14
1732020751173 2.014693021774292 15
1732020751195 2.014693021774292 16
1732020751218 2.014693021774292 17
1732020751241 2.014693021774292 18
1732020751264 2.014693021774292 19
1732020751285 2.014693021774292 20
1732020751308 2.014693021774292 21
1732020751331 2.014693021774292 22
1732020751355 2.014693021774292 23
1732020751377 2.014693021774292 24
1732020751402 2.014693021774292 25
1732020751425 2.014693021774292 26
1732020751449 2.014693021774292 27
1732020751470 2.014693021774292 28
1732020751493 2.014693021774292 29
1732020751516 2.014693021774292 30
1732020751538 2.014693021774292 31
1732020751560 2.014693021774292 32
1732020751583 2.014693021774292 33
1732020751606 2.014693021774292 34
1732020751627 2.014693021774292 35
1732020751652 2.014693021774292 36
1732020751674 2.014693021774292 37
1732020751697 2.014693021774292 38
1732020751718 2.014693021774292 39
1732020751741 2.014693021774292 40
1732020751763 2.014693021774292 41
1732020751785 2.014693021774292 42
1732020751807 2.014693021774292 43
1732020751829 2.014693021774292 44
1732020751852 2.014693021774292 45
1732020751873 2.014693021774292 46
1732020751897 2.014693021774292 47
1732020751920 2.014693021774292 48
1732020751943 2.014693021774292 49
1732020751964 2.014693021774292 50
1732020751989 2.014693021774292 51
1732020752012 2.014693021774292 52
1732020752035 2.014693021774292 53
1732020752055 2.014693021774292 54
1732020752078 2.014693021774292 55
1732020752100 2.014693021774292 56
1732020752123 2.014693021774292 57
1732020752145 2.014693021774292 58
1732020752169 2.014693021774292 59
1732020752192 2.014693021774292 60
1732020752214 2.014693021774292 61
1732020752236 2.014693021774292 62
1732020752259 2.014693021774292 63
1732020752281 2.014693021774292 64
1732020752302 2.014693021774292 65
1732020752325 2.014693021774292 66
1732020752349 2.014693021774292 67
1732020752373 2.014693021774292 68
1732020752396 2.014693021774292 69
1732020752420 2.014693021774292 70
1732020752443 2.014693021774292 71
1732020752466 2.014693021774292 72
1732020752487 2.014693021774292 73
1732020752511 2.014693021774292 74
1732020752533 2.014693021774292 75
1732020752555 2.014693021774292 76
1732020752577 2.014693021774292 77
