1732020750818 1.9948899745941162 0
1732020750842 2.004985809326172 1
1732020750865 2.009439468383789 2
1732020750887 2.011056423187256 3
1732020750912 2.0120410919189453 4
1732020750937 2.0127193927764893 5
1732020750961 2.0132148265838623 6
1732020750986 2.0135841369628906 7
1732020751009 2.013861894607544 8
1732020751032 2.0140700340270996 9
1732020751057 2.014226198196411 10
1732020751081 2.014343023300171 11
1732020751104 2.014430522918701 12
1732020751128 2.014495611190796 13
1732020751152 2.0145442485809326 14
1732020751177 2.014580488204956 15
1732020751199 2.0146076679229736 16
1732020751222 2.0146279335021973 17
1732020751245 2.0146431922912598 18
1732020751268 2.0146546363830566 19
1732020751289 2.0146632194519043 20
1732020751312 2.01466965675354 21
1732020751335 2.014674663543701 22
1732020751359 2.0146782398223877 23
1732020751381 2.014681100845337 24
1732020751406 2.014683246612549 25
1732020751429 2.0146849155426025 26
1732020751453 2.014686107635498 27
1732020751474 2.0146870613098145 28
1732020751497 2.0146877765655518 29
1732020751520 2.014688730239868 30
1732020751543 2.014688730239868 31
1732020751564 2.0146892070770264 32
1732020751587 2.0146894454956055 33
1732020751610 2.0146899223327637 34
1732020751632 2.0146899223327637 35
1732020751656 2.0146899223327637 36
1732020751678 2.0146901607513428 37
1732020751701 2.014690399169922 38
1732020751723 2.014690399169922 39
1732020751744 2.014690399169922 40
1732020751767 2.014690399169922 41
1732020751789 2.014690637588501 42
1732020751811 2.01469087600708 43
1732020751833 2.014690637588501 44
1732020751856 2.014690399169922 45
1732020751878 2.014690399169922 46
1732020751901 2.014690637588501 47
1732020751924 2.014690637588501 48
1732020751946 2.014690637588501 49
1732020751969 2.014690637588501 50
1732020751993 2.014690637588501 51
1732020752016 2.014690637588501 52
1732020752038 2.014690637588501 53
1732020752060 2.014690637588501 54
1732020752082 2.014690399169922 55
1732020752104 2.014690637588501 56
1732020752127 2.014690637588501 57
1732020752149 2.014690637588501 58
1732020752173 2.014690637588501 59
1732020752196 2.01469087600708 60
1732020752219 2.014690637588501 61
1732020752240 2.014690399169922 62
1732020752262 2.01469087600708 63
1732020752285 2.014690637588501 64
1732020752307 2.014690637588501 65
1732020752329 2.014690637588501 66
1732020752353 2.014690399169922 67
1732020752377 2.014690637588501 68
1732020752401 2.014690637588501 69
1732020752424 2.01469087600708 70
1732020752447 2.014690637588501 71
1732020752470 2.01469087600708 72
1732020752493 2.014690637588501 73
1732020752514 2.014690637588501 74
1732020752537 2.014690637588501 75
1732020752559 2.014690637588501 76
1732020752581 2.01469087600708 77
