1732020750820 0.0 0
1732020750844 0.0 1
1732020750867 0.0 2
1732020750889 0.0 3
1732020750915 0.0 4
1732020750939 0.0 5
1732020750963 0.0 6
1732020750988 0.0 7
1732020751011 0.0 8
1732020751035 0.0 9
1732020751059 0.0 10
1732020751083 0.0 11
1732020751106 0.0 12
1732020751130 0.0 13
1732020751154 0.0 14
1732020751179 0.0 15
1732020751202 0.0 16
1732020751224 0.0 17
1732020751246 0.0 18
1732020751270 0.0 19
1732020751292 0.0 20
1732020751314 0.0 21
1732020751337 0.0 22
1732020751361 0.0 23
1732020751383 0.0 24
1732020751408 0.0 25
1732020751431 0.0 26
1732020751455 0.0 27
1732020751477 0.0 28
1732020751499 0.0 29
1732020751522 0.0 30
1732020751545 0.0 31
1732020751566 0.0 32
1732020751589 0.0 33
1732020751611 0.0 34
1732020751634 0.0 35
1732020751657 0.0 36
1732020751680 0.0 37
1732020751703 0.0 38
1732020751725 0.0 39
1732020751746 0.0 40
1732020751769 0.0 41
1732020751791 0.0 42
1732020751813 0.0 43
1732020751835 0.0 44
1732020751858 0.0 45
1732020751880 0.0 46
1732020751903 0.0 47
1732020751926 0.0 48
1732020751948 0.0 49
1732020751971 0.0 50
1732020751995 0.0 51
1732020752018 0.0 52
1732020752040 0.0 53
1732020752063 0.0 54
1732020752084 0.0 55
1732020752106 0.0 56
1732020752129 0.0 57
1732020752151 0.0 58
1732020752175 0.0 59
1732020752198 0.0 60
1732020752221 0.0 61
1732020752242 0.0 62
1732020752264 0.0 63
1732020752287 0.0 64
1732020752309 0.0 65
1732020752331 0.0 66
1732020752355 0.0 67
1732020752379 0.0 68
1732020752403 0.0 69
1732020752426 0.0 70
1732020752449 0.0 71
1732020752472 0.0 72
1732020752495 0.0 73
1732020752516 0.0 74
1732020752539 0.0 75
1732020752561 0.0 76
1732020752583 0.0 77
