1732015954172 -0.18627309799194336 0
1732015954196 -0.29910576343536377 1
1732015954220 -0.3717384338378906 2
1732015954243 -0.39826011657714844 3
1732015954265 -0.4334374666213989 4
1732015954286 -0.4890291690826416 5
1732015954309 -0.5121616125106812 6
1732015954331 -0.5127780437469482 7
1732015954352 -0.5134429931640625 8
1732015954374 -0.5141651630401611 9
1732015954396 -0.514955997467041 10
1732015954420 -0.5158298015594482 11
1732015954441 -0.5168061256408691 12
1732015954466 -0.5179131031036377 13
1732015954490 -0.5191926956176758 14
1732015954513 -0.5207159519195557 15
1732015954533 -0.5226216316223145 16
1732015954556 -0.5252970457077026 17
1732015954578 -0.5276107788085938 18
1732015954600 -0.528073787689209 19
1732015954623 -0.5285923480987549 20
1732015954675 -0.5291736125946045 21
1732015954695 -0.5298252105712891 22
1732015954717 -0.5305566787719727 23
1732015954739 -0.5313782691955566 24
1732015954759 -0.5323021411895752 25
1732015954782 -0.5333421230316162 26
1732015954804 -0.5345141887664795 27
1732015954825 -0.5358374118804932 28
1732015954847 -0.5373334884643555 29
1732015954869 -0.5390286445617676 30
1732015954892 -0.5409541130065918 31
1732015954914 -0.5431478023529053 32
1732015954937 -0.5456557273864746 33
1732015954960 -0.5485365390777588 34
1732015954982 -0.5518639087677002 35
1732015955003 -0.5557353496551514 36
1732015955026 -0.5602822303771973 37
1732015955049 -0.5656914710998535 38
1732015955069 -0.572242259979248 39
1732015955092 -0.5803903341293335 40
1732015955116 -0.5909774303436279 41
1732015955138 -0.6059451103210449 42
1732015955161 -0.6336929798126221 43
1732015955183 -0.6416919231414795 44
1732015955206 -0.6455111503601074 45
1732015955227 -0.6494607925415039 46
1732015955249 -0.6535508632659912 47
1732015955272 -0.6577925682067871 48
1732015955294 -0.6621983051300049 49
1732015955315 -0.6667829751968384 50
1732015955337 -0.671562910079956 51
1732015955360 -0.6765575408935547 52
1732015955381 -0.6817886829376221 53
1732015955403 -0.6872832775115967 54
1732015955427 -0.6930718421936035 55
1732015955449 -0.6991922855377197 56
1732015955470 -0.7056901454925537 57
1732015955493 -0.7126221656799316 58
1732015955515 -0.7200601100921631 59
1732015955536 -0.7280969619750977 60
1732015955557 -0.7368566989898682 61
1732015955580 -0.7465115785598755 62
1732015955602 -0.7573122978210449 63
1732015955623 -0.7696506977081299 64
1732015955645 -0.7842049598693848 65
1732015955668 -0.8023757934570312 66
1732015955689 -0.8285083770751953 67
1732015955710 -0.8419164419174194 68
1732015955732 -0.8419164419174194 69
