1732015954178 2e-05 0
1732015954203 -0.11283266544342041 1
1732015954225 -0.07263267040252686 2
1732015954248 -0.026521682739257812 3
1732015954270 -0.03517735004425049 4
1732015954290 -0.055591702461242676 5
1732015954313 -0.02313244342803955 6
1732015954336 -0.0006164312362670898 7
1732015954358 -0.0006649494171142578 8
1732015954379 -0.0007221698760986328 9
1732015954402 -0.0007908344268798828 10
1732015954425 -0.0008738040924072266 11
1732015954445 -0.0009763240814208984 12
1732015954471 -0.0011069774627685547 13
1732015954495 -0.001279592514038086 14
1732015954517 -0.0015232563018798828 15
1732015954538 -0.001905679702758789 16
1732015954560 -0.0026754140853881836 17
1732015954583 -0.0023137331008911133 18
1732015954605 -0.0004630088806152344 19
1732015954627 -0.0005185604095458984 20
1732015954679 -0.0005812644958496094 21
1732015954700 -0.0006515979766845703 22
1732015954722 -0.0007314682006835938 23
1732015954743 -0.0008215904235839844 24
1732015954765 -0.0009238719940185547 25
1732015954786 -0.0010399818420410156 26
1732015954808 -0.0011720657348632812 27
1732015954830 -0.0013232231140136719 28
1732015954851 -0.0014960765838623047 29
1732015954874 -0.0016951560974121094 30
1732015954897 -0.0019254684448242188 31
1732015954920 -0.0021936893463134766 32
1732015954941 -0.002507925033569336 33
1732015954964 -0.0028808116912841797 34
1732015954987 -0.0033273696899414062 35
1732015955008 -0.003871440887451172 36
1732015955031 -0.0045468807220458984 37
1732015955053 -0.00540924072265625 38
1732015955075 -0.006550788879394531 39
1732015955097 -0.00814807415008545 40
1732015955120 -0.010587096214294434 41
1732015955143 -0.014967679977416992 42
1732015955166 -0.02774786949157715 43
1732015955188 -0.007998943328857422 44
1732015955210 -0.0038192272186279297 45
1732015955233 -0.003949642181396484 46
1732015955254 -0.004090070724487305 47
1732015955276 -0.0042417049407958984 48
1732015955299 -0.0044057369232177734 49
1732015955321 -0.004584670066833496 50
1732015955342 -0.004779934883117676 51
1732015955364 -0.004994630813598633 52
1732015955386 -0.005231142044067383 53
1732015955409 -0.005494594573974609 54
1732015955431 -0.005788564682006836 55
1732015955454 -0.006120443344116211 56
1732015955476 -0.006497859954833984 57
1732015955497 -0.00693202018737793 58
1732015955519 -0.007437944412231445 59
1732015955541 -0.00803685188293457 60
1732015955561 -0.008759737014770508 61
1732015955584 -0.009654879570007324 62
1732015955607 -0.010800719261169434 63
1732015955629 -0.012338399887084961 64
1732015955650 -0.014554262161254883 65
1732015955672 -0.018170833587646484 66
1732015955694 -0.026132583618164062 67
1732015955714 -0.013408064842224121 68
1732015955737 0.0 69
