1732015954175 2e-05 0
1732015954200 0.17924411594867706 1
1732015954222 0.1299389898777008 2
1732015954246 0.06379187107086182 3
1732015954267 0.07242483645677567 4
1732015954288 0.08697014302015305 5
1732015954311 0.025111479684710503 6
1732015954334 0.009009701199829578 7
1732015954355 0.009351655840873718 8
1732015954376 0.009738211520016193 9
1732015954399 0.010178597643971443 10
1732015954422 0.01068563386797905 11
1732015954443 0.011277535930275917 12
1732015954469 0.011981960386037827 13
1732015954493 0.012843922711908817 14
1732015954515 0.01394470315426588 15
1732015954536 0.015454324893653393 16
1732015954558 0.017834320664405823 17
1732015954581 0.011720912531018257 18
1732015954603 0.007744479924440384 19
1732015954625 0.008194798603653908 20
1732015954677 0.00867425836622715 21
1732015954697 0.00918524619191885 22
1732015954719 0.009730184450745583 23
1732015954741 0.010311824269592762 24
1732015954762 0.010933405719697475 25
1732015954784 0.011598760262131691 26
1732015954806 0.012312082573771477 27
1732015954828 0.013078468851745129 28
1732015954849 0.013904218561947346 29
1732015954872 0.01479652151465416 30
1732015954894 0.0157645121216774 31
1732015954917 0.016819611191749573 32
1732015954939 0.017976170405745506 33
1732015954962 0.019252967089414597 34
1732015954984 0.02067502588033676 35
1732015955006 0.02227691374719143 36
1732015955029 0.02410776913166046 37
1732015955051 0.02624114789068699 38
1732015955072 0.028793873265385628 39
1732015955095 0.03196683153510094 40
1732015955118 0.0361483208835125 41
1732015955141 0.042237430810928345 42
1732015955164 0.053172916173934937 43
1732015955186 0.02325812354683876 44
1732015955208 0.021187199279665947 45
1732015955230 0.021541781723499298 46
1732015955252 0.02191678248345852 47
1732015955274 0.02231431193649769 48
1732015955297 0.022736961022019386 49
1732015955318 0.023187510669231415 50
1732015955340 0.023669585585594177 51
1732015955362 0.02418706566095352 52
1732015955384 0.024745004251599312 53
1732015955406 0.025349222123622894 54
1732015955429 0.026006964966654778 55
1732015955452 0.02672750875353813 56
1732015955473 0.027522165328264236 57
1732015955495 0.02840586006641388 58
1732015955517 0.02939818613231182 59
1732015955538 0.030525697395205498 60
1732015955559 0.03182573616504669 61
1732015955582 0.03335275873541832 62
1732015955605 0.035190995782613754 63
1732015955627 0.037479694932699203 64
1732015955647 0.04047446325421333 65
1732015955670 0.04472363367676735 66
1732015955692 0.051786910742521286 67
1732015955712 0.0182561706751585 68
1732015955734 0.0 69
