1732015954187 2.255711555480957 0
1732015954211 2.2194437980651855 1
1732015954234 2.1957247257232666 2
1732015954255 2.1851587295532227 3
1732015954277 2.170119285583496 4
1732015954300 2.143514394760132 5
1732015954321 2.12969970703125 6
1732015954343 2.1295852661132812 7
1732015954366 2.12945294380188 8
1732015954388 2.129300594329834 9
1732015954410 2.12912654876709 10
1732015954432 2.1289291381835938 11
1732015954455 2.128706693649292 12
1732015954481 2.128455400466919 13
1732015954502 2.1281726360321045 14
1732015954525 2.1278529167175293 15
1732015954547 2.1274890899658203 16
1732015954568 2.1270673274993896 17
1732015954591 2.1266825199127197 18
1732015954614 2.126354455947876 19
1732015954665 2.1259870529174805 20
1732015954687 2.125576972961426 21
1732015954709 2.1251189708709717 22
1732015954729 2.124608039855957 23
1732015954751 2.1240391731262207 24
1732015954773 2.1234054565429688 25
1732015954795 2.122699737548828 26
1732015954816 2.1219141483306885 27
1732015954838 2.121039390563965 28
1732015954860 2.1200649738311768 29
1732015954882 2.118978977203369 30
1732015954905 2.117767333984375 31
1732015954928 2.1164140701293945 32
1732015954950 2.1148996353149414 33
1732015954972 2.113201141357422 34
1732015954994 2.111290693283081 35
1732015955017 2.1091339588165283 36
1732015955038 2.1066861152648926 37
1732015955061 2.1038901805877686 38
1732015955083 2.1006662845611572 39
1732015955106 2.0968990325927734 40
1732015955128 2.092404842376709 41
1732015955151 2.0868453979492188 42
1732015955175 2.079397678375244 43
1732015955196 2.075761556625366 44
1732015955218 2.072727680206299 45
1732015955241 2.0695836544036865 46
1732015955263 2.0663206577301025 47
1732015955284 2.062929153442383 48
1732015955306 2.0593976974487305 49
1732015955329 2.0557141304016113 50
1732015955351 2.051862955093384 51
1732015955372 2.04782772064209 52
1732015955394 2.043588638305664 53
1732015955418 2.0391223430633545 54
1732015955439 2.034400701522827 55
1732015955461 2.029390573501587 56
1732015955484 2.02405047416687 57
1732015955506 2.01832914352417 58
1732015955526 2.0121617317199707 59
1732015955549 2.0054638385772705 60
1732015955571 1.998121738433838 61
1732015955592 1.9899768829345703 62
1732015955614 1.9807977676391602 63
1732015955637 1.970219612121582 64
1732015955659 1.9576058387756348 65
1732015955680 1.9416296482086182 66
1732015955701 1.9181079864501953 67
1732015955723 1.9056386947631836 68
1732015955744 1.9056386947631836 69
