1732015954180 1.4844932556152344 0
1732015954205 1.4578464031219482 1
1732015954227 1.4529609680175781 2
1732015954249 1.4459028244018555 3
1732015954272 1.4343998432159424 4
1732015954294 1.4156978130340576 5
1732015954315 1.408814549446106 6
1732015954338 1.407995581626892 7
1732015954360 1.407183051109314 8
1732015954380 1.4063761234283447 9
1732015954404 1.4055736064910889 10
1732015954427 1.4047725200653076 11
1732015954448 1.4039684534072876 12
1732015954474 1.4031544923782349 13
1732015954497 1.4023188352584839 14
1732015954519 1.4014413356781006 15
1732015954541 1.4004840850830078 16
1732015954562 1.399361252784729 17
1732015954585 1.399005651473999 18
1732015954607 1.399592638015747 19
1732015954629 1.400222659111023 20
1732015954681 1.400895595550537 21
1732015954702 1.401611328125 22
1732015954723 1.4023687839508057 23
1732015954745 1.4031670093536377 24
1732015954767 1.4040038585662842 25
1732015954788 1.404876708984375 26
1732015954810 1.405781626701355 27
1732015954832 1.4067140817642212 28
1732015954853 1.407667636871338 29
1732015954876 1.4086345434188843 30
1732015954899 1.4096041917800903 31
1732015954922 1.410563349723816 32
1732015954943 1.4114950895309448 33
1732015954966 1.4123773574829102 34
1732015954989 1.4131810665130615 35
1732015955011 1.413867473602295 36
1732015955033 1.4143836498260498 37
1732015955055 1.41465425491333 38
1732015955077 1.41456937789917 39
1732015955099 1.4139559268951416 40
1732015955122 1.4125173091888428 41
1732015955145 1.4096657037734985 42
1732015955169 1.4038429260253906 43
1732015955190 1.410751223564148 44
1732015955212 1.4180047512054443 45
1732015955235 1.4251796007156372 46
1732015955257 1.432276725769043 47
1732015955278 1.4392966032028198 48
1732015955301 1.4462401866912842 49
1732015955323 1.4531077146530151 50
1732015955344 1.4598997831344604 51
1732015955366 1.4666168689727783 52
1732015955388 1.4732589721679688 53
1732015955412 1.479826807975769 54
1732015955433 1.4863201379776 55
1732015955456 1.4927394390106201 56
1732015955478 1.4990849494934082 57
1732015955499 1.505357265472412 58
1732015955521 1.51155686378479 59
1732015955543 1.5176849365234375 60
1732015955564 1.5237436294555664 61
1732015955586 1.5297361612319946 62
1732015955609 1.535668969154358 63
1732015955631 1.541553258895874 64
1732015955651 1.547411322593689 65
1732015955674 1.5532935857772827 66
1732015955696 1.5593401193618774 67
1732015955716 1.5612781047821045 68
1732015955738 1.5612781047821045 69
