1732015954182 1.1658190488815308 0
1732015954207 0.9408720135688782 1
1732015954229 0.8144755959510803 2
1732015954251 0.7571461200714111 3
1732015954274 0.6771034598350525 4
1732015954296 0.5420670509338379 5
1732015954317 0.4924089014530182 6
1732015954339 0.4895561635494232 7
1732015954362 0.48655208945274353 8
1732015954382 0.4833693504333496 9
1732015954406 0.47997239232063293 10
1732015954428 0.47631406784057617 11
1732015954450 0.47232937812805176 12
1732015954477 0.46792489290237427 13
1732015954499 0.4629576802253723 14
1732015954521 0.45718735456466675 15
1732015954543 0.45014235377311707 16
1732015954564 0.4405342638492584 17
1732015954587 0.43319815397262573 18
1732015954610 0.4328705072402954 19
1732015954631 0.4324803948402405 20
1732015954683 0.43201538920402527 21
1732015954705 0.43146106600761414 22
1732015954725 0.43080076575279236 23
1732015954747 0.430014967918396 24
1732015954769 0.4290810227394104 25
1732015954790 0.42797255516052246 26
1732015954812 0.4266584813594818 27
1732015954834 0.42510220408439636 28
1732015954855 0.42326033115386963 29
1732015954878 0.4210812449455261 30
1732015954901 0.4185026288032532 31
1732015954924 0.4154486656188965 32
1732015954945 0.4118259847164154 33
1732015954968 0.4075176417827606 34
1732015954990 0.4023743271827698 35
1732015955013 0.3962005078792572 36
1732015955034 0.38873225450515747 37
1732015955057 0.3795981705188751 38
1732015955079 0.3682464361190796 39
1732015955102 0.35379040241241455 40
1732015955124 0.3346261978149414 41
1732015955147 0.30717724561691284 42
1732015955171 0.25711512565612793 43
1732015955191 0.24992316961288452 44
1732015955214 0.24953800439834595 45
1732015955237 0.24881353974342346 46
1732015955259 0.247730553150177 47
1732015955280 0.24626734852790833 48
1732015955303 0.24439910054206848 49
1732015955325 0.2420974224805832 50
1732015955346 0.2393295168876648 51
1732015955368 0.23605750501155853 52
1732015955390 0.23223698139190674 53
1732015955414 0.22781577706336975 54
1732015955435 0.2227318286895752 55
1732015955458 0.21691031754016876 56
1732015955480 0.21026015281677246 57
1732015955501 0.20266833901405334 58
1732015955523 0.193992018699646 59
1732015955545 0.1840464472770691 60
1732015955567 0.1725853979587555 61
1732015955588 0.15926818549633026 62
1732015955611 0.14359939098358154 63
1732015955633 0.12480702996253967 64
1732015955653 0.10155662894248962 65
1732015955676 0.07109706103801727 66
1732015955698 0.024878399446606636 67
1732015955719 -0.0 68
1732015955740 -0.0 69
