1732015954184 2.0550365447998047 0
1732015954209 2.0550365447998047 1
1732015954232 2.0550365447998047 2
1732015954253 2.0550365447998047 3
1732015954275 2.0550365447998047 4
1732015954298 2.0550365447998047 5
1732015954319 2.0550365447998047 6
1732015954341 2.0550365447998047 7
1732015954364 2.0550365447998047 8
1732015954385 2.0550365447998047 9
1732015954408 2.0550365447998047 10
1732015954430 2.0550365447998047 11
1732015954453 2.0550365447998047 12
1732015954479 2.0550365447998047 13
1732015954501 2.0550365447998047 14
1732015954523 2.0550365447998047 15
1732015954545 2.0550365447998047 16
1732015954566 2.0550365447998047 17
1732015954589 2.0550365447998047 18
1732015954612 2.0550365447998047 19
1732015954634 2.0550365447998047 20
1732015954685 2.0550365447998047 21
1732015954707 2.0550365447998047 22
1732015954727 2.0550365447998047 23
1732015954749 2.0550365447998047 24
1732015954771 2.0550365447998047 25
1732015954792 2.0550365447998047 26
1732015954814 2.0550365447998047 27
1732015954836 2.0550365447998047 28
1732015954858 2.0550365447998047 29
1732015954880 2.0550365447998047 30
1732015954903 2.0550365447998047 31
1732015954926 2.0550365447998047 32
1732015954947 2.0550365447998047 33
1732015954970 2.0550365447998047 34
1732015954993 2.0550365447998047 35
1732015955015 2.0550365447998047 36
1732015955036 2.0550365447998047 37
1732015955059 2.0550365447998047 38
1732015955081 2.0550365447998047 39
1732015955104 2.0550365447998047 40
1732015955126 2.0550365447998047 41
1732015955149 2.0550365447998047 42
1732015955173 2.0550365447998047 43
1732015955193 2.0550365447998047 44
1732015955216 2.0550365447998047 45
1732015955239 2.0550365447998047 46
1732015955261 2.0550365447998047 47
1732015955282 2.0550365447998047 48
1732015955304 2.0550365447998047 49
1732015955327 2.0550365447998047 50
1732015955348 2.0550365447998047 51
1732015955370 2.0550365447998047 52
1732015955392 2.0550365447998047 53
1732015955416 2.0550365447998047 54
1732015955437 2.0550365447998047 55
1732015955459 2.0550365447998047 56
1732015955482 2.0550365447998047 57
1732015955504 2.0550365447998047 58
1732015955525 2.0550365447998047 59
1732015955547 2.0550365447998047 60
1732015955569 2.0550365447998047 61
1732015955590 2.0550365447998047 62
1732015955613 2.0550365447998047 63
1732015955635 2.0550365447998047 64
1732015955656 2.0550365447998047 65
1732015955678 2.0550365447998047 66
1732015955700 2.0550365447998047 67
1732015955721 2.0550365447998047 68
1732015955742 2.0550365447998047 69
