1732015954189 1.8687634468078613 0
1732015954212 1.755930781364441 1
1732015954236 1.683298110961914 2
1732015954257 1.6567764282226562 3
1732015954279 1.6215990781784058 4
1732015954302 1.566007375717163 5
1732015954324 1.5428749322891235 6
1732015954345 1.5422585010528564 7
1732015954367 1.5415935516357422 8
1732015954390 1.5408713817596436 9
1732015954412 1.5400805473327637 10
1732015954434 1.5392067432403564 11
1732015954457 1.5382304191589355 12
1732015954483 1.537123441696167 13
1732015954504 1.535843849182129 14
1732015954527 1.534320592880249 15
1732015954549 1.5324149131774902 16
1732015954571 1.529739499092102 17
1732015954593 1.527425765991211 18
1732015954616 1.5269627571105957 19
1732015954668 1.5264441967010498 20
1732015954689 1.5258629322052002 21
1732015954711 1.5252113342285156 22
1732015954731 1.524479866027832 23
1732015954753 1.523658275604248 24
1732015954775 1.5227344036102295 25
1732015954797 1.5216944217681885 26
1732015954818 1.5205223560333252 27
1732015954840 1.5191991329193115 28
1732015954862 1.5177030563354492 29
1732015954884 1.516007900238037 30
1732015954907 1.514082431793213 31
1732015954930 1.5118887424468994 32
1732015954952 1.50938081741333 33
1732015954974 1.506500005722046 34
1732015954996 1.5031726360321045 35
1732015955019 1.4993011951446533 36
1732015955041 1.4947543144226074 37
1732015955063 1.4893450736999512 38
1732015955085 1.4827942848205566 39
1732015955108 1.4746462106704712 40
1732015955130 1.4640591144561768 41
1732015955153 1.4490914344787598 42
1732015955176 1.4213435649871826 43
1732015955199 1.4133446216583252 44
1732015955220 1.4095253944396973 45
1732015955243 1.4055757522583008 46
1732015955265 1.4014856815338135 47
1732015955287 1.3972439765930176 48
1732015955308 1.3928382396697998 49
1732015955331 1.3882535696029663 50
1732015955353 1.3834736347198486 51
1732015955374 1.37847900390625 52
1732015955396 1.3732478618621826 53
1732015955420 1.367753267288208 54
1732015955442 1.3619647026062012 55
1732015955463 1.355844259262085 56
1732015955486 1.349346399307251 57
1732015955508 1.342414379119873 58
1732015955528 1.3349764347076416 59
1732015955551 1.326939582824707 60
1732015955573 1.3181798458099365 61
1732015955595 1.3085249662399292 62
1732015955616 1.2977242469787598 63
1732015955639 1.2853858470916748 64
1732015955661 1.27083158493042 65
1732015955681 1.2526607513427734 66
1732015955703 1.2265281677246094 67
1732015955726 1.2131201028823853 68
1732015955746 1.2131201028823853 69
