1732015954191 0.0 0
1732015954214 0.0 1
1732015954238 0.0 2
1732015954259 0.0 3
1732015954281 0.0 4
1732015954304 0.0 5
1732015954326 0.0 6
1732015954347 0.0 7
1732015954369 0.0 8
1732015954391 0.0 9
1732015954413 0.0 10
1732015954436 0.0 11
1732015954460 0.0 12
1732015954485 0.0 13
1732015954506 0.0 14
1732015954529 0.0 15
1732015954551 0.0 16
1732015954573 0.0 17
1732015954595 0.0 18
1732015954618 0.0 19
1732015954670 0.0 20
1732015954691 0.0 21
1732015954712 0.0 22
1732015954734 0.0 23
1732015954755 0.0 24
1732015954777 0.0 25
1732015954799 0.0 26
1732015954820 0.0 27
1732015954842 0.0 28
1732015954864 0.0 29
1732015954886 0.0 30
1732015954909 0.0 31
1732015954932 0.0 32
1732015954954 0.0 33
1732015954976 0.0 34
1732015954998 0.0 35
1732015955021 0.0 36
1732015955044 0.0 37
1732015955065 0.0 38
1732015955087 0.0 39
1732015955111 0.0 40
1732015955132 0.0 41
1732015955155 0.0 42
1732015955178 0.0 43
1732015955201 0.0 44
1732015955222 0.0 45
1732015955244 0.0 46
1732015955267 0.0 47
1732015955289 0.0 48
1732015955310 0.0 49
1732015955333 0.0 50
1732015955355 0.0 51
1732015955375 0.0 52
1732015955398 0.0 53
1732015955422 0.0 54
1732015955444 0.0 55
1732015955465 0.0 56
1732015955488 0.0 57
1732015955510 0.0 58
1732015955530 0.0 59
1732015955552 0.0 60
1732015955575 0.0 61
1732015955597 0.0 62
1732015955618 0.0 63
1732015955640 0.0 64
1732015955663 0.0 65
1732015955683 0.0 66
1732015955705 0.0 67
1732015955727 0.0 68
1732015955749 0.0 69
