tensor([[[[[0.3100, 0.3100],
           [0.3100, 0.3100]],

          [[0.3100, 0.3100],
           [0.3100, 0.3100]]],


         [[[0.3100, 0.3100],
           [0.3100, 0.3100]],

          [[0.3100, 0.3100],
           [0.3100, 0.3100]]]],



        [[[[0.2400, 0.2400],
           [0.2400, 0.2400]],

          [[0.2400, 0.2400],
           [0.2400, 0.2400]]],


         [[[0.2400, 0.2400],
           [0.2400, 0.2400]],

          [[0.2400, 0.2400],
           [0.2400, 0.2400]]]],



        [[[[0.2400, 0.2400],
           [0.2400, 0.2400]],

          [[0.2400, 0.2400],
           [0.2400, 0.2400]]],


         [[[0.2400, 0.2400],
           [0.2400, 0.2400]],

          [[0.2400, 0.2400],
           [0.2400, 0.2400]]]],



        [[[[0.2100, 0.2100],
           [0.2100, 0.2100]],

          [[0.2100, 0.2100],
           [0.2100, 0.2100]]],


         [[[0.2100, 0.2100],
           [0.2100, 0.2100]],

          [[0.2100, 0.2100],
           [0.2100, 0.2100]]]]], grad_fn=<RoundBackward1>)