1732015810337 -0.22548234462738037 0
1732015810367 -0.3477259874343872 1
1732015810397 -0.3755466938018799 2
1732015810426 -0.4129270315170288 3
1732015810456 -0.4335041642189026 4
1732015810487 -0.44393056631088257 5
1732015810515 -0.45752882957458496 6
1732015810542 -0.46207892894744873 7
1732015810579 -0.4640684723854065 8
1732015810617 -0.46609050035476685 9
1732015810648 -0.46814632415771484 10
1732015810680 -0.47023677825927734 11
1732015810715 -0.47236359119415283 12
1732015810749 -0.474528431892395 13
1732015810780 -0.4767329692840576 14
1732015810814 -0.47898006439208984 15
1732015810847 -0.48127245903015137 16
1732015810876 -0.4836135506629944 17
1732015810904 -0.4860076308250427 18
1732015810936 -0.48845982551574707 19
1732015810968 -0.4909760355949402 20
1732015811002 -0.4935638904571533 21
1732015811035 -0.496232271194458 22
1732015811068 -0.49899280071258545 23
1732015811106 -0.5018589496612549 24
1732015811135 -0.5048483610153198 25
1732015811170 -0.5079832673072815 26
1732015811209 -0.5112919807434082 27
1732015811240 -0.5148119926452637 28
1732015811276 -0.5165120363235474 29
1732015811310 -0.5170279741287231 30
1732015811342 -0.517551064491272 31
1732015811374 -0.5180814266204834 32
1732015811407 -0.5186189413070679 33
1732015811439 -0.5191637277603149 34
1732015811470 -0.5197160243988037 35
1732015811500 -0.5202755928039551 36
1732015811533 -0.5208426713943481 37
1732015811566 -0.5214171409606934 38
1732015811594 -0.5219992399215698 39
1732015811622 -0.522588849067688 40
1732015811653 -0.523186206817627 41
1732015811686 -0.5237915515899658 42
1732015811722 -0.5244048237800598 43
1732015811756 -0.5250260829925537 44
1732015811788 -0.5256556868553162 45
1732015811822 -0.5262938737869263 46
1732015811855 -0.5269404053688049 47
1732015811887 -0.5275959968566895 48
1732015811920 -0.5282607078552246 49
1732015811950 -0.5289349555969238 50
1732015811981 -0.5296188592910767 51
1732015812010 -0.5303130149841309 52
1732015812042 -0.5310177803039551 53
1732015812075 -0.5317337512969971 54
1732015812107 -0.5324612259864807 55
1732015812134 -0.5332010984420776 56
1732015812165 -0.5339539051055908 57
1732015812201 -0.5347205400466919 58
1732015812236 -0.5355021357536316 59
1732015812267 -0.536299467086792 60
1732015812297 -0.5371139049530029 61
1732015812326 -0.537946879863739 62
1732015812360 -0.538800060749054 63
1732015812387 -0.5396753549575806 64
1732015812427 -0.540574848651886 65
1732015812457 -0.5415012240409851 66
1732015812487 -0.5424573421478271 67
1732015812519 -0.5434467792510986 68
1732015812558 -0.5444736480712891 69
1732015812603 -0.5455428957939148 70
1732015812638 -0.5466600656509399 71
1732015812671 -0.547832190990448 72
1732015812700 -0.5490678548812866 73
1732015812732 -0.5503771901130676 74
1732015812764 -0.55177241563797 75
1732015812795 -0.5532693862915039 76
1732015812824 -0.5548873543739319 77
1732015812858 -0.5566509962081909 78
1732015812890 -0.5585922598838806 79
1732015812920 -0.560753583908081 80
1732015812951 -0.5631917119026184 81
1732015812983 -0.5659856796264648 82
1732015813012 -0.5692497491836548 83
1732015813042 -0.573156476020813 84
1732015813072 -0.5779836773872375 85
1732015813105 -0.5842211246490479 86
1732015813143 -0.5928566455841064 87
1732015813177 -0.5977994203567505 88
1732015813214 -0.5978233814239502 89
1732015813246 -0.5978473424911499 90
1732015813276 -0.5978715419769287 91
1732015813312 -0.5978958606719971 92
1732015813344 -0.5979202389717102 93
1732015813377 -0.5979447364807129 94
1732015813405 -0.5979694724082947 95
1732015813438 -0.5979942083358765 96
1732015813472 -0.5980191230773926 97
1732015813505 -0.5980441570281982 98
1732015813535 -0.5980693101882935 99
1732015813567 -0.5980945825576782 100
1732015813599 -0.5981199741363525 101
1732015813635 -0.5981455445289612 102
1732015813672 -0.5981712341308594 103
1732015813706 -0.5981971025466919 104
1732015813743 -0.5982229709625244 105
1732015813778 -0.598249077796936 106
1732015813808 -0.5982753038406372 107
1732015813842 -0.5983017683029175 108
1732015813876 -0.5983282327651978 109
1732015813905 -0.5983549356460571 110
1732015813934 -0.5983816981315613 111
1732015813965 -0.5984086990356445 112
1732015813996 -0.5984357595443726 113
1732015814026 -0.5984629392623901 114
1732015814056 -0.5984903573989868 115
1732015814086 -0.5985179543495178 116
1732015814114 -0.5985456705093384 117
1732015814144 -0.5985735058784485 118
1732015814172 -0.5986014604568481 119
1732015814199 -0.5986297130584717 120
1732015814228 -0.5986580848693848 121
1732015814257 -0.5986865162849426 122
1732015814284 -0.5987151861190796 123
1732015814317 -0.5987440347671509 124
1732015814348 -0.5987730026245117 125
1732015814379 -0.5988022089004517 126
1732015814411 -0.5988315343856812 127
1732015814439 -0.5988610982894897 128
1732015814465 -0.5988907217979431 129
1732015814492 -0.5989205837249756 130
1732015814520 -0.5989506244659424 131
1732015814547 -0.5989809036254883 132
1732015814577 -0.5990113019943237 133
1732015814604 -0.5990418195724487 134
1732015814632 -0.5990726947784424 135
1732015814661 -0.5991036891937256 136
1732015814689 -0.5991348028182983 137
1732015814717 -0.5991661548614502 138
1732015814748 -0.5991977453231812 139
1732015814775 -0.5992294549942017 140
1732015814808 -0.5992614030838013 141
1732015814843 -0.59929358959198 142
1732015814874 -0.5993260145187378 143
1732015814905 -0.5993585586547852 144
1732015814937 -0.5993913412094116 145
1732015814968 -0.5994243621826172 146
1732015814996 -0.5994576215744019 147
1732015815024 -0.5994911193847656 148
1732015815054 -0.599524736404419 149
1732015815084 -0.5995585918426514 150
1732015815114 -0.5995928049087524 151
1732015815145 -0.5996270775794983 152
1732015815173 -0.5996617078781128 153
1732015815203 -0.5996965765953064 154
1732015815233 -0.5997316241264343 155
1732015815264 -0.5997669696807861 156
1732015815294 -0.5998024940490723 157
1732015815324 -0.599838376045227 158
1732015815373 -0.5998743772506714 159
1732015815415 -0.5999107360839844 160
1732015815463 -0.5999473333358765 161
1732015815511 -0.5999842286109924 162
1732015815554 -0.6000213027000427 163
1732015815595 -0.6000587940216064 164
1732015815642 -0.6000963449478149 165
1732015815691 -0.6001343727111816 166
1732015815731 -0.6001726388931274 167
1732015815782 -0.6002111434936523 168
1732015815837 -0.6002500057220459 169
1732015815881 -0.6002891063690186 170
1732015815926 -0.6003285646438599 171
1732015815972 -0.6003682613372803 172
1732015816008 -0.6004083156585693 173
1732015816047 -0.600448727607727 174
1732015816088 -0.6004893779754639 175
1732015816121 -0.6005304455757141 176
1732015816156 -0.6005718111991882 177
1732015816190 -0.6006134748458862 178
1732015816223 -0.6006555557250977 179
1732015816255 -0.6006978750228882 180
1732015816293 -0.6007405519485474 181
1732015816327 -0.6007837057113647 182
1732015816360 -0.6008270978927612 183
1732015816397 -0.6008709669113159 184
1732015816431 -0.6009151935577393 185
1732015816463 -0.6009597778320312 186
1732015816493 -0.6010047197341919 187
1732015816524 -0.6010500192642212 188
1732015816587 -0.6010959148406982 189
1732015816618 -0.6011420488357544 190
1732015816651 -0.6011886596679688 191
1732015816682 -0.6012356877326965 192
1732015816712 -0.6012831926345825 193
1732015816744 -0.6013311147689819 194
1732015816779 -0.6013794541358948 195
1732015816818 -0.6014282703399658 196
1732015816850 -0.6014775037765503 197
1732015816878 -0.6015273332595825 198
1732015816905 -0.6015775799751282 199
1732015816931 -0.601628303527832 200
1732015816958 -0.6016795635223389 201
1732015816985 -0.6017313599586487 202
1732015817014 -0.6017836332321167 203
1732015817047 -0.6018364429473877 204
1732015817077 -0.6018898487091064 205
1732015817108 -0.6019437909126282 206
1732015817139 -0.6019982695579529 207
1732015817169 -0.6020533442497253 208
1732015817199 -0.6021090149879456 209
1732015817230 -0.6021653413772583 210
1732015817261 -0.602222204208374 211
1732015817291 -0.602279782295227 212
1732015817321 -0.6023379564285278 213
1732015817349 -0.6023967862129211 214
1732015817376 -0.6024563312530518 215
1732015817404 -0.6025165319442749 216
1732015817439 -0.6025774478912354 217
1732015817471 -0.6026391386985779 218
1732015817503 -0.6027015447616577 219
1732015817542 -0.6027647256851196 220
1732015817581 -0.6028286814689636 221
1732015817620 -0.6028934121131897 222
1732015817658 -0.6029589772224426 223
1732015817699 -0.6030254364013672 224
1732015817740 -0.6030926704406738 225
1732015817780 -0.6031608581542969 226
1732015817821 -0.6032299995422363 227
1732015817862 -0.6033000349998474 228
1732015817907 -0.6033710241317749 229
1732015817946 -0.6034430265426636 230
1732015817984 -0.6035160422325134 231
1732015818015 -0.6035901308059692 232
1732015818053 -0.603665292263031 233
1732015818092 -0.6037415266036987 234
1732015818125 -0.6038190126419067 235
1732015818155 -0.6038976311683655 236
1732015818190 -0.6039774417877197 237
1732015818222 -0.6040586233139038 238
1732015818255 -0.6041409969329834 239
1732015818321 -0.6042247414588928 240
1732015818353 -0.6043098568916321 241
1732015818384 -0.6043964624404907 242
1732015818417 -0.6044846773147583 243
1732015818448 -0.6045743227005005 244
1732015818478 -0.6046656370162964 245
1732015818509 -0.604758620262146 246
1732015818539 -0.6048532724380493 247
1732015818569 -0.6049498319625854 248
1732015818600 -0.6050482988357544 249
1732015818626 -0.6051486730575562 250
1732015818652 -0.6052510738372803 251
1732015818682 -0.6053556203842163 252
1732015818713 -0.6054625511169434 253
1732015818745 -0.6055717468261719 254
1732015818780 -0.6056833267211914 255
1732015818811 -0.605797529220581 256
1732015818837 -0.6059144735336304 257
1732015818867 -0.6060342788696289 258
1732015818901 -0.606157124042511 259
1732015818935 -0.6062830686569214 260
1732015818970 -0.606412410736084 261
1732015819005 -0.6065453886985779 262
1732015819039 -0.6066821217536926 263
1732015819077 -0.6068228483200073 264
1732015819112 -0.6069680452346802 265
1732015819145 -0.6071177124977112 266
1732015819177 -0.6072724461555481 267
1732015819214 -0.6074325442314148 268
1732015819252 -0.6075984239578247 269
1732015819286 -0.607770562171936 270
1732015819328 -0.6079495549201965 271
1732015819362 -0.6081361770629883 272
1732015819396 -0.6083310842514038 273
1732015819433 -0.6085352301597595 274
1732015819465 -0.6087496876716614 275
1732015819496 -0.608975887298584 276
1732015819526 -0.6092154383659363 277
1732015819557 -0.6094704866409302 278
1732015819588 -0.609743595123291 279
1732015819618 -0.6100385189056396 280
1732015819650 -0.6103601455688477 281
1732015819682 -0.610715925693512 282
1732015819713 -0.6111176609992981 283
1732015819743 -0.6115862131118774 284
1732015819776 -0.6121683716773987 285
1732015819810 -0.6129968166351318 286
1732015819842 -0.6129968166351318 287
