1732015810340 2e-05 0
1732015810371 0.2180062234401703 1
1732015810400 0.07939322292804718 2
1732015810429 0.08987260609865189 3
1732015810459 0.05284091830253601 4
1732015810491 0.04715471342206001 5
1732015810518 0.053371038287878036 6
1732015810545 0.023067550733685493 7
1732015810582 0.021142005920410156 8
1732015810620 0.021315008401870728 9
1732015810652 0.021491551771759987 10
1732015810684 0.021672436967492104 11
1732015810719 0.02185884676873684 12
1732015810752 0.0220519807189703 13
1732015810785 0.02225334756076336 14
1732015810818 0.022464551031589508 15
1732015810850 0.022687695920467377 16
1732015810879 0.0229251179844141 17
1732015810907 0.023179559037089348 18
1732015810939 0.02345450222492218 19
1732015810972 0.023753972724080086 20
1732015811005 0.02408290095627308 21
1732015811037 0.02444736659526825 22
1732015811073 0.024854818359017372 23
1732015811110 0.025314515456557274 24
1732015811139 0.02583816833794117 25
1732015811175 0.026440486311912537 26
1732015811213 0.02714056894183159 27
1732015811243 0.027963249012827873 28
1732015811280 0.014623010531067848 29
1732015811314 0.01077750138938427 30
1732015811345 0.010852847248315811 31
1732015811378 0.010927892290055752 32
1732015811411 0.011002565734088421 33
1732015811442 0.01107717677950859 34
1732015811473 0.011151522397994995 35
1732015811503 0.011225908994674683 36
1732015811536 0.011300274170935154 37
1732015811568 0.01137476321309805 38
1732015811597 0.01144944317638874 39
1732015811625 0.011524375528097153 40
1732015811656 0.01159970834851265 41
1732015811689 0.011675559915602207 42
1732015811725 0.01175205409526825 43
1732015811760 0.011829386465251446 44
1732015811792 0.01190766878426075 45
1732015811825 0.011987067759037018 46
1732015811859 0.0120678236708045 47
1732015811890 0.012150142341852188 48
1732015811923 0.0122342174872756 49
1732015811954 0.012320354580879211 50
1732015811984 0.012408975511789322 51
1732015812014 0.012500211596488953 52
1732015812046 0.01259460486471653 53
1732015812080 0.012692512944340706 54
1732015812111 0.012794431298971176 55
1732015812137 0.012900907546281815 56
1732015812168 0.013012627139687538 57
1732015812205 0.01313021034002304 58
1732015812240 0.01325452420860529 59
1732015812270 0.013386458158493042 60
1732015812300 0.013527028262615204 61
1732015812329 0.013677532784640789 62
1732015812363 0.013839158229529858 63
1732015812391 0.014013591222465038 64
1732015812430 0.014202650636434555 65
1732015812460 0.014408447779715061 66
1732015812490 0.014633279293775558 67
1732015812522 0.014880080707371235 68
1732015812563 0.015152210369706154 69
1732015812607 0.01545337587594986 70
1732015812642 0.015788350254297256 71
1732015812674 0.016162412241101265 72
1732015812703 0.01658204011619091 73
1732015812735 0.017055008560419083 74
1732015812767 0.017590956762433052 75
1732015812798 0.018201306462287903 76
1732015812829 0.018900522962212563 77
1732015812862 0.01970684714615345 78
1732015812893 0.02064361982047558 79
1732015812923 0.021741332486271858 80
1732015812955 0.02304127626121044 81
1732015812986 0.024600502103567123 82
1732015813015 0.026501448825001717 83
1732015813045 0.028868528082966805 84
1732015813075 0.031902212649583817 85
1732015813109 0.035952530801296234 86
1732015813148 0.041706282645463943 87
1732015813180 0.020407339558005333 88
1732015813219 0.0022947483230382204 89
1732015813249 0.0023003751412034035 90
1732015813279 0.0023060438688844442 91
1732015813315 0.0023118178360164165 92
1732015813347 0.00231757084839046 93
1732015813380 0.0023233238607645035 94
1732015813408 0.002329182345420122 95
1732015813441 0.002335082972422242 96
1732015813475 0.002340941224247217 97
1732015813508 0.0023469682782888412 98
1732015813539 0.0023529743775725365 99
1732015813570 0.002358980244025588 100
1732015813602 0.0023651125375181437 101
1732015813640 0.002371181733906269 102
1732015813675 0.0023774194996804 103
1732015813710 0.002383593935519457 104
1732015813747 0.002389873843640089 105
1732015813781 0.0023962168488651514 106
1732015813812 0.0024026022292673588 107
1732015813845 0.0024089664220809937 108
1732015813881 0.00241543585434556 109
1732015813907 0.002421926474198699 110
1732015813938 0.0024285013787448406 111
1732015813969 0.0024350762832909822 112
1732015813999 0.0024417354725301266 113
1732015814029 0.0024484789464622736 114
1732015814059 0.0024552224203944206 115
1732015814089 0.002462050411850214 116
1732015814117 0.0024688781704753637 117
1732015814147 0.002475790213793516 118
1732015814174 0.0024827865418046713 119
1732015814202 0.0024897828698158264 120
1732015814231 0.002496863715350628 121
1732015814260 0.0025040286127477884 122
1732015814287 0.002511256840080023 123
1732015814321 0.0025184638798236847 124
1732015814351 0.0025257763918489218 125
1732015814381 0.0025331941433250904 126
1732015814414 0.002540611894801259 127
1732015814442 0.002548114163801074 128
1732015814468 0.002555637387558818 129
1732015814496 0.002563266083598137 130
1732015814523 0.0025709576439112425 131
1732015814550 0.0025787127669900656 132
1732015814579 0.0025865521747618914 133
1732015814607 0.002594412537291646 134
1732015814636 0.002602378139272332 135
1732015814663 0.002610407304018736 136
1732015814692 0.002618499333038926 137
1732015814720 0.0026266758795827627 138
1732015814751 0.002634873380884528 139
1732015814778 0.0026432396844029427 140
1732015814812 0.002651647897437215 141
1732015814846 0.002660056110471487 142
1732015814877 0.002668590983375907 143
1732015814909 0.0026772310957312584 144
1732015814940 0.00268593430519104 145
1732015814971 0.0026947008445858955 146
1732015814998 0.0027035516686737537 147
1732015815027 0.0027124870102852583 148
1732015815058 0.002721569500863552 149
1732015815087 0.002730631036683917 150
1732015815117 0.0027398611418902874 151
1732015815148 0.0027491545770317316 152
1732015815177 0.0027585322968661785 153
1732015815207 0.0027679733466356993 154
1732015815236 0.0027775405906140804 155
1732015815267 0.0027871921192854643 156
1732015815298 0.0027969281654804945 157
1732015815328 0.0028068115934729576 158
1732015815378 0.002816758118569851 159
1732015815420 0.0028267891611903906 160
1732015815467 0.002836967585608363 161
1732015815516 0.0028472093399614096 162
1732015815558 0.0028575563337653875 163
1732015815600 0.002868071896955371 164
1732015815647 0.002878650790080428 165
1732015815696 0.0028893982525914907 166
1732015815735 0.0029002088122069836 167
1732015815788 0.0029111038893461227 168
1732015815841 0.002922188490629196 169
1732015815885 0.0029333573766052723 170
1732015815931 0.0029446317348629236 171
1732015815976 0.0029560113325715065 172
1732015816012 0.0029676437843590975 173
1732015816051 0.002979276468977332 174
1732015816091 0.0029910774901509285 175
1732015816125 0.003003068268299103 176
1732015816159 0.0030151642858982086 177
1732015816193 0.0030274081509560347 178
1732015816227 0.0030397993978112936 179
1732015816258 0.0030522749293595552 180
1732015816297 0.0030650030821561813 181
1732015816330 0.0030778157524764538 182
1732015816364 0.0030907969921827316 183
1732015816401 0.003103946801275015 184
1732015816434 0.0031172651797533035 185
1732015816466 0.0031308154575526714 186
1732015816496 0.0031444288324564695 187
1732015816527 0.0031582319643348455 188
1732015816590 0.0031722879502922297 189
1732015816621 0.003186407033354044 190
1732015816655 0.003200800158083439 191
1732015816685 0.0032153830397874117 192
1732015816715 0.0032301556784659624 193
1732015816748 0.0032451176084578037 194
1732015816784 0.003260311670601368 195
1732015816822 0.003275674069300294 196
1732015816852 0.003291310742497444 197
1732015816881 0.0033070945646613836 198
1732015816907 0.003323131473734975 199
1732015816934 0.003339442191645503 200
1732015816961 0.003355985041707754 201
1732015816988 0.0033727383706718683 202
1732015817017 0.003389723366126418 203
1732015817050 0.003406982636079192 204
1732015817081 0.003424515714868903 205
1732015817112 0.0034423016477376223 206
1732015817142 0.003460361622273922 207
1732015817173 0.003478716593235731 208
1732015817203 0.003497408702969551 209
1732015817234 0.003516311524435878 210
1732015817265 0.003535614814609289 211
1732015817294 0.003555192146450281 212
1732015817324 0.0035751275718212128 213
1732015817353 0.0035953791812062263 214
1732015817380 0.0036159467417746782 215
1732015817407 0.0036369359586387873 216
1732015817442 0.0036582620814442635 217
1732015817474 0.0036799467634409666 218
1732015817507 0.003702073823660612 219
1732015817546 0.0037246013525873423 220
1732015817585 0.0037475291173905134 221
1732015817623 0.003770889015868306 222
1732015817661 0.0037947020027786493 223
1732015817703 0.0038189468905329704 224
1732015817743 0.0038437084294855595 225
1732015817784 0.00386899639852345 226
1732015817824 0.0038947269786149263 227
1732015817867 0.003921005874872208 228
1732015817911 0.003947884775698185 229
1732015817951 0.003975301049649715 230
1732015817987 0.00400331849232316 231
1732015818018 0.004031946882605553 232
1732015818057 0.0040612597949802876 233
1732015818095 0.004091205075383186 234
1732015818128 0.004121803678572178 235
1732015818159 0.004153171554207802 236
1732015818193 0.004185329657047987 237
1732015818226 0.004218225367367268 238
1732015818294 0.004251942504197359 239
1732015818325 0.004286513663828373 240
1732015818356 0.004322043154388666 241
1732015818387 0.004358489997684956 242
1732015818421 0.004395916126668453 243
1732015818451 0.0044343541376292706 244
1732015818482 0.004473845940083265 245
1732015818512 0.004514570347964764 246
1732015818543 0.004556432832032442 247
1732015818573 0.0045996434055268764 248
1732015818603 0.004644161090254784 249
1732015818629 0.004690080415457487 250
1732015818655 0.004737495444715023 251
1732015818686 0.004786469973623753 252
1732015818716 0.004837193991988897 253
1732015818748 0.0048896982334554195 254
1732015818784 0.004944130778312683 255
1732015818814 0.005000565201044083 256
1732015818840 0.005059170536696911 257
1732015818871 0.005120146553963423 258
1732015818904 0.005183651577681303 259
1732015818939 0.005249885376542807 260
1732015818973 0.005319016519933939 261
1732015819008 0.005391329992562532 262
1732015819042 0.005467046983540058 263
1732015819080 0.005546546075493097 264
1732015819115 0.0056301443837583065 265
1732015819148 0.00571827869862318 266
1732015819180 0.005811318289488554 267
1732015819217 0.005909973289817572 268
1732015819255 0.00601468700915575 269
1732015819289 0.006126318126916885 270
1732015819331 0.00624573091045022 271
1732015819366 0.006373899523168802 272
1732015819399 0.006512241438031197 273
1732015819436 0.006662247236818075 274
1732015819468 0.006825861055403948 275
1732015819499 0.0070056491531431675 276
1732015819528 0.007204840425401926 277
1732015819560 0.007427699863910675 278
1732015819591 0.007680161856114864 279
1732015819621 0.007970564067363739 280
1732015819653 0.008311208337545395 281
1732015819686 0.008721658028662205 282
1732015819716 0.009234994649887085 283
1732015819746 0.009915034286677837 284
1732015819779 0.010909626260399818 285
1732015819814 0.011724245734512806 286
1732015819846 0.0 287
