1732015810343 2e-05 0
1732015810374 -0.12224364280700684 1
1732015810403 -0.027820706367492676 2
1732015810432 -0.037380337715148926 3
1732015810462 -0.02057713270187378 4
1732015810493 -0.01042640209197998 5
1732015810521 -0.013598263263702393 6
1732015810550 -0.0045500993728637695 7
1732015810588 -0.0019895434379577637 8
1732015810622 -0.0020220279693603516 9
1732015810654 -0.002055823802947998 10
1732015810689 -0.0020904541015625 11
1732015810724 -0.0021268129348754883 12
1732015810755 -0.0021648406982421875 13
1732015810788 -0.0022045373916625977 14
1732015810821 -0.0022470951080322266 15
1732015810853 -0.0022923946380615234 16
1732015810882 -0.0023410916328430176 17
1732015810910 -0.00239408016204834 18
1732015810942 -0.0024521946907043457 19
1732015810975 -0.0025162100791931152 20
1732015811009 -0.0025878548622131348 21
1732015811040 -0.0026683807373046875 22
1732015811078 -0.0027605295181274414 23
1732015811113 -0.0028661489486694336 24
1732015811142 -0.0029894113540649414 25
1732015811180 -0.00313490629196167 26
1732015811216 -0.003308713436126709 27
1732015811246 -0.0035200119018554688 28
1732015811285 -0.0017000436782836914 29
1732015811318 -0.0005159378051757812 30
1732015811349 -0.0005230903625488281 31
1732015811382 -0.0005303621292114258 32
1732015811415 -0.0005375146865844727 33
1732015811445 -0.0005447864532470703 34
1732015811476 -0.0005522966384887695 35
1732015811507 -0.0005595684051513672 36
1732015811540 -0.0005670785903930664 37
1732015811571 -0.0005744695663452148 38
1732015811600 -0.0005820989608764648 39
1732015811628 -0.0005896091461181641 40
1732015811659 -0.0005973577499389648 41
1732015811692 -0.0006053447723388672 42
1732015811728 -0.0006132721900939941 43
1732015811763 -0.0006212592124938965 44
1732015811795 -0.0006296038627624512 45
1732015811828 -0.0006381869316101074 46
1732015811863 -0.0006465315818786621 47
1732015811894 -0.0006555914878845215 48
1732015811926 -0.0006647109985351562 49
1732015811957 -0.0006742477416992188 50
1732015811988 -0.000683903694152832 51
1732015812017 -0.0006941556930541992 52
1732015812050 -0.0007047653198242188 53
1732015812083 -0.0007159709930419922 54
1732015812114 -0.0007274746894836426 55
1732015812140 -0.0007398724555969238 56
1732015812173 -0.0007528066635131836 57
1732015812208 -0.0007666349411010742 58
1732015812244 -0.0007815957069396973 59
1732015812273 -0.0007973313331604004 60
1732015812303 -0.0008144378662109375 61
1732015812332 -0.000832974910736084 62
1732015812366 -0.0008531808853149414 63
1732015812395 -0.0008752942085266113 64
1732015812433 -0.0008994936943054199 65
1732015812463 -0.0009263753890991211 66
1732015812493 -0.000956118106842041 67
1732015812527 -0.0009894371032714844 68
1732015812568 -0.0010268688201904297 69
1732015812611 -0.0010692477226257324 70
1732015812645 -0.0011171698570251465 71
1732015812677 -0.0011721253395080566 72
1732015812706 -0.001235663890838623 73
1732015812738 -0.0013093352317810059 74
1732015812770 -0.0013952255249023438 75
1732015812800 -0.0014969706535339355 76
1732015812832 -0.0016179680824279785 77
1732015812865 -0.0017636418342590332 78
1732015812896 -0.0019412636756896973 79
1732015812925 -0.0021613240242004395 80
1732015812959 -0.0024381279945373535 81
1732015812989 -0.0027939677238464355 82
1732015813018 -0.0032640695571899414 83
1732015813048 -0.003906726837158203 84
1732015813078 -0.0048272013664245605 85
1732015813113 -0.006237447261810303 86
1732015813151 -0.008635520935058594 87
1732015813185 -0.004942774772644043 88
1732015813222 -2.396106719970703e-05 89
1732015813252 -2.396106719970703e-05 90
1732015813283 -2.4199485778808594e-05 91
1732015813319 -2.4318695068359375e-05 92
1732015813351 -2.4378299713134766e-05 93
1732015813382 -2.4497509002685547e-05 94
1732015813411 -2.473592758178711e-05 95
1732015813445 -2.473592758178711e-05 96
1732015813479 -2.491474151611328e-05 97
1732015813511 -2.5033950805664062e-05 98
1732015813542 -2.5153160095214844e-05 99
1732015813573 -2.5272369384765625e-05 100
1732015813606 -2.5391578674316406e-05 101
1732015813645 -2.5570392608642578e-05 102
1732015813678 -2.568960189819336e-05 103
1732015813714 -2.586841583251953e-05 104
1732015813751 -2.586841583251953e-05 105
1732015813783 -2.6106834411621094e-05 106
1732015813815 -2.6226043701171875e-05 107
1732015813847 -2.6464462280273438e-05 108
1732015813884 -2.6464462280273438e-05 109
1732015813910 -2.6702880859375e-05 110
1732015813941 -2.676248550415039e-05 111
1732015813972 -2.7000904083251953e-05 112
1732015814003 -2.7060508728027344e-05 113
1732015814032 -2.7179718017578125e-05 114
1732015814062 -2.7418136596679688e-05 115
1732015814091 -2.759695053100586e-05 116
1732015814120 -2.771615982055664e-05 117
1732015814149 -2.7835369110107422e-05 118
1732015814177 -2.7954578399658203e-05 119
1732015814204 -2.8252601623535156e-05 120
1732015814234 -2.8371810913085938e-05 121
1732015814263 -2.8431415557861328e-05 122
1732015814292 -2.866983413696289e-05 123
1732015814324 -2.8848648071289062e-05 124
1732015814354 -2.8967857360839844e-05 125
1732015814384 -2.9206275939941406e-05 126
1732015814417 -2.9325485229492188e-05 127
1732015814444 -2.956390380859375e-05 128
1732015814471 -2.962350845336914e-05 129
1732015814499 -2.9861927032470703e-05 130
1732015814526 -3.0040740966796875e-05 131
1732015814554 -3.0279159545898438e-05 132
1732015814582 -3.039836883544922e-05 133
1732015814610 -3.0517578125e-05 134
1732015814638 -3.0875205993652344e-05 135
1732015814666 -3.0994415283203125e-05 136
1732015814695 -3.1113624572753906e-05 137
1732015814723 -3.135204315185547e-05 138
1732015814754 -3.159046173095703e-05 139
1732015814782 -3.170967102050781e-05 140
1732015814816 -3.1948089599609375e-05 141
1732015814849 -3.218650817871094e-05 142
1732015814881 -3.24249267578125e-05 143
1732015814912 -3.254413604736328e-05 144
1732015814943 -3.2782554626464844e-05 145
1732015814974 -3.3020973205566406e-05 146
1732015815001 -3.325939178466797e-05 147
1732015815030 -3.349781036376953e-05 148
1732015815061 -3.361701965332031e-05 149
1732015815091 -3.3855438232421875e-05 150
1732015815120 -3.421306610107422e-05 151
1732015815151 -3.427267074584961e-05 152
1732015815180 -3.463029861450195e-05 153
1732015815210 -3.4868717193603516e-05 154
1732015815240 -3.504753112792969e-05 155
1732015815270 -3.534555435180664e-05 156
1732015815301 -3.552436828613281e-05 157
1732015815334 -3.5881996154785156e-05 158
1732015815383 -3.600120544433594e-05 159
1732015815425 -3.635883331298828e-05 160
1732015815471 -3.6597251892089844e-05 161
1732015815520 -3.68952751159668e-05 162
1732015815563 -3.707408905029297e-05 163
1732015815605 -3.74913215637207e-05 164
1732015815651 -3.7550926208496094e-05 165
1732015815700 -3.802776336669922e-05 166
1732015815740 -3.826618194580078e-05 167
1732015815794 -3.8504600524902344e-05 168
1732015815846 -3.886222839355469e-05 169
1732015815889 -3.910064697265625e-05 170
1732015815936 -3.9458274841308594e-05 171
1732015815980 -3.9696693420410156e-05 172
1732015816016 -4.00543212890625e-05 173
1732015816057 -4.0411949157714844e-05 174
1732015816095 -4.0650367736816406e-05 175
1732015816129 -4.106760025024414e-05 176
1732015816163 -4.1365623474121094e-05 177
1732015816197 -4.166364669799805e-05 178
1732015816230 -4.208087921142578e-05 179
1732015816261 -4.2319297790527344e-05 180
1732015816302 -4.267692565917969e-05 181
1732015816333 -4.315376281738281e-05 182
1732015816367 -4.3392181396484375e-05 183
1732015816403 -4.38690185546875e-05 184
1732015816437 -4.4226646423339844e-05 185
1732015816469 -4.458427429199219e-05 186
1732015816498 -4.494190216064453e-05 187
1732015816531 -4.5299530029296875e-05 188
1732015816593 -4.589557647705078e-05 189
1732015816624 -4.6133995056152344e-05 190
1732015816658 -4.661083221435547e-05 191
1732015816688 -4.70280647277832e-05 192
1732015816718 -4.750490188598633e-05 193
1732015816752 -4.792213439941406e-05 194
1732015816788 -4.83393669128418e-05 195
1732015816826 -4.881620407104492e-05 196
1732015816855 -4.9233436584472656e-05 197
1732015816883 -4.982948303222656e-05 198
1732015816910 -5.02467155456543e-05 199
1732015816937 -5.072355270385742e-05 200
1732015816964 -5.125999450683594e-05 201
1732015816991 -5.179643630981445e-05 202
1732015817020 -5.227327346801758e-05 203
1732015817053 -5.2809715270996094e-05 204
1732015817084 -5.340576171875e-05 205
1732015817115 -5.3942203521728516e-05 206
1732015817146 -5.447864532470703e-05 207
1732015817176 -5.507469177246094e-05 208
1732015817206 -5.5670738220214844e-05 209
1732015817236 -5.632638931274414e-05 210
1732015817268 -5.6862831115722656e-05 211
1732015817298 -5.7578086853027344e-05 212
1732015817327 -5.817413330078125e-05 213
1732015817356 -5.882978439331055e-05 214
1732015817383 -5.9545040130615234e-05 215
1732015817412 -6.020069122314453e-05 216
1732015817447 -6.091594696044922e-05 217
1732015817478 -6.16908073425293e-05 218
1732015817511 -6.240606307983398e-05 219
1732015817550 -6.318092346191406e-05 220
1732015817589 -6.395578384399414e-05 221
1732015817627 -6.473064422607422e-05 222
1732015817666 -6.556510925292969e-05 223
1732015817707 -6.645917892456055e-05 224
1732015817748 -6.723403930664062e-05 225
1732015817787 -6.818771362304688e-05 226
1732015817828 -6.914138793945312e-05 227
1732015817872 -7.003545761108398e-05 228
1732015817915 -7.098913192749023e-05 229
1732015817954 -7.200241088867188e-05 230
1732015817990 -7.301568984985352e-05 231
1732015818022 -7.408857345581055e-05 232
1732015818061 -7.516145706176758e-05 233
1732015818099 -7.623434066772461e-05 234
1732015818131 -7.748603820800781e-05 235
1732015818162 -7.861852645874023e-05 236
1732015818197 -7.981061935424805e-05 237
1732015818228 -8.118152618408203e-05 238
1732015818298 -8.237361907958984e-05 239
1732015818328 -8.374452590942383e-05 240
1732015818360 -8.511543273925781e-05 241
1732015818390 -8.660554885864258e-05 242
1732015818424 -8.821487426757812e-05 243
1732015818454 -8.96453857421875e-05 244
1732015818484 -9.131431579589844e-05 245
1732015818515 -9.298324584960938e-05 246
1732015818546 -9.465217590332031e-05 247
1732015818577 -9.655952453613281e-05 248
1732015818606 -9.846687316894531e-05 249
1732015818632 -0.00010037422180175781 250
1732015818659 -0.0001024007797241211 251
1732015818689 -0.00010454654693603516 252
1732015818720 -0.00010693073272705078 253
1732015818751 -0.00010919570922851562 254
1732015818788 -0.00011157989501953125 255
1732015818816 -0.00011420249938964844 256
1732015818843 -0.0001169443130493164 257
1732015818874 -0.00011980533599853516 258
1732015818907 -0.00012284517288208008 259
1732015818942 -0.0001259446144104004 260
1732015818976 -0.00012934207916259766 261
1732015819012 -0.00013297796249389648 262
1732015819046 -0.0001367330551147461 263
1732015819084 -0.00014072656631469727 264
1732015819118 -0.00014519691467285156 265
1732015819151 -0.00014966726303100586 266
1732015819183 -0.00015473365783691406 267
1732015819221 -0.00016009807586669922 268
1732015819258 -0.0001658797264099121 269
1732015819292 -0.00017213821411132812 270
1732015819335 -0.00017899274826049805 271
1732015819369 -0.00018662214279174805 272
1732015819403 -0.00019490718841552734 273
1732015819439 -0.0002041459083557129 274
1732015819471 -0.00021445751190185547 275
1732015819502 -0.00022619962692260742 276
1732015819531 -0.00023955106735229492 277
1732015819563 -0.0002550482749938965 278
1732015819593 -0.00027310848236083984 279
1732015819624 -0.0002949237823486328 280
1732015819657 -0.0003216266632080078 281
1732015819689 -0.00035578012466430664 282
1732015819720 -0.0004017353057861328 283
1732015819749 -0.0004685521125793457 284
1732015819782 -0.0005821585655212402 285
1732015819818 -0.0008284449577331543 286
1732015819849 0.0 287
