1732015810355 1.4211809635162354 0
1732015810384 1.4095107316970825 1
1732015810414 1.404990553855896 2
1732015810443 1.3981702327728271 3
1732015810475 1.3946216106414795 4
1732015810503 1.3954102993011475 5
1732015810531 1.3960273265838623 6
1732015810563 1.3963217735290527 7
1732015810602 1.3965654373168945 8
1732015810633 1.3967989683151245 9
1732015810665 1.3970216512680054 10
1732015810700 1.397233247756958 11
1732015810737 1.3974332809448242 12
1732015810768 1.3976209163665771 13
1732015810801 1.397795557975769 14
1732015810833 1.3979568481445312 15
1732015810864 1.3981037139892578 16
1732015810893 1.3982353210449219 17
1732015810924 1.3983511924743652 18
1732015810955 1.3984498977661133 19
1732015810988 1.3985304832458496 20
1732015811023 1.3985912799835205 21
1732015811052 1.39863121509552 22
1732015811093 1.3986482620239258 23
1732015811122 1.3986401557922363 24
1732015811154 1.3986051082611084 25
1732015811196 1.3985399007797241 26
1732015811227 1.3984413146972656 27
1732015811261 1.3983049392700195 28
1732015811298 1.3984869718551636 29
1732015811330 1.39887273311615 30
1732015811361 1.3992576599121094 31
1732015811393 1.3996416330337524 32
1732015811426 1.4000248908996582 33
1732015811457 1.400407075881958 34
1732015811488 1.4007883071899414 35
1732015811518 1.4011688232421875 36
1732015811553 1.4015483856201172 37
1732015811581 1.4019272327423096 38
1732015811610 1.402305245399475 39
1732015811638 1.4026821851730347 40
1732015811671 1.4030587673187256 41
1732015811708 1.4034342765808105 42
1732015811743 1.4038093090057373 43
1732015811776 1.4041836261749268 44
1732015811809 1.4045575857162476 45
1732015811840 1.4049304723739624 46
1732015811874 1.4053032398223877 47
1732015811906 1.4056751728057861 48
1732015811939 1.406046986579895 49
1732015811970 1.4064183235168457 50
1732015811998 1.4067895412445068 51
1732015812030 1.4071602821350098 52
1732015812061 1.4075310230255127 53
1732015812095 1.4079015254974365 54
1732015812123 1.40827214717865 55
1732015812151 1.4086430072784424 56
1732015812187 1.409014105796814 57
1732015812224 1.409385323524475 58
1732015812255 1.409757137298584 59
1732015812284 1.4101296663284302 60
1732015812314 1.4105029106140137 61
1732015812345 1.4108768701553345 62
1732015812376 1.4112521409988403 63
1732015812410 1.4116287231445312 64
1732015812444 1.4120067358016968 65
1732015812474 1.4123866558074951 66
1732015812503 1.4127686023712158 67
1732015812541 1.413152813911438 68
1732015812587 1.4135397672653198 69
1732015812623 1.4139297008514404 70
1732015812656 1.4143235683441162 71
1732015812687 1.4147213697433472 72
1732015812717 1.415123701095581 73
1732015812750 1.4155313968658447 74
1732015812781 1.415945291519165 75
1732015812812 1.4163662195205688 76
1732015812845 1.4167953729629517 77
1732015812878 1.4172344207763672 78
1732015812908 1.4176844358444214 79
1732015812937 1.4181478023529053 80
1732015812970 1.418627381324768 81
1732015813001 1.4191265106201172 82
1732015813028 1.4196503162384033 83
1732015813060 1.4202046394348145 84
1732015813089 1.420799970626831 85
1732015813128 1.4214513301849365 86
1732015813164 1.4221850633621216 87
1732015813198 1.4225211143493652 88
1732015813234 1.4224954843521118 89
1732015813263 1.4224697351455688 90
1732015813295 1.4224437475204468 91
1732015813331 1.4224176406860352 92
1732015813364 1.4223915338516235 93
1732015813391 1.4223651885986328 94
1732015813424 1.4223387241363525 95
1732015813459 1.4223120212554932 96
1732015813493 1.4222851991653442 97
1732015813522 1.4222581386566162 98
1732015813555 1.4222309589385986 99
1732015813586 1.4222036600112915 100
1732015813621 1.4221762418746948 101
1732015813658 1.4221487045288086 102
1732015813693 1.4221208095550537 103
1732015813726 1.4220929145812988 104
1732015813765 1.4220646619796753 105
1732015813796 1.4220364093780518 106
1732015813827 1.4220079183578491 107
1732015813860 1.4219791889190674 108
1732015813894 1.421950340270996 109
1732015813922 1.4219213724136353 110
1732015813953 1.4218921661376953 111
1732015813984 1.4218628406524658 112
1732015814015 1.4218332767486572 113
1732015814045 1.4218034744262695 114
1732015814075 1.4217735528945923 115
1732015814103 1.421743392944336 116
1732015814132 1.42171311378479 117
1732015814160 1.421682596206665 118
1732015814187 1.421651840209961 119
1732015814215 1.4216209650039673 120
1732015814244 1.4215898513793945 121
1732015814272 1.4215584993362427 122
1732015814304 1.4215269088745117 123
1732015814336 1.4214951992034912 124
1732015814366 1.4214632511138916 125
1732015814399 1.421431064605713 126
1732015814427 1.421398639678955 127
1732015814454 1.4213659763336182 128
1732015814481 1.4213330745697021 129
1732015814509 1.4213000535964966 130
1732015814536 1.421266794204712 131
1732015814566 1.4212331771850586 132
1732015814593 1.4211995601654053 133
1732015814621 1.4211654663085938 134
1732015814649 1.4211312532424927 135
1732015814676 1.4210968017578125 136
1732015814705 1.4210619926452637 137
1732015814734 1.4210269451141357 138
1732015814763 1.4209916591644287 139
1732015814793 1.4209561347961426 140
1732015814829 1.420920491218567 141
1732015814861 1.420884370803833 142
1732015814892 1.4208481311798096 143
1732015814923 1.4208115339279175 144
1732015814954 1.4207746982574463 145
1732015814983 1.4207375049591064 146
1732015815012 1.4207000732421875 147
1732015815042 1.4206624031066895 148
1732015815072 1.4206244945526123 149
1732015815101 1.4205862283706665 150
1732015815131 1.420547604560852 151
1732015815160 1.420508623123169 152
1732015815191 1.4204695224761963 153
1732015815222 1.4204299449920654 154
1732015815251 1.4203901290893555 155
1732015815282 1.4203500747680664 156
1732015815312 1.4203095436096191 157
1732015815356 1.4202687740325928 158
1732015815397 1.4202275276184082 159
1732015815444 1.420186161994934 160
1732015815491 1.4201443195343018 161
1732015815538 1.4201022386550903 162
1732015815578 1.4200596809387207 163
1732015815623 1.4200167655944824 164
1732015815670 1.419973611831665 165
1732015815716 1.4199298620224 166
1732015815758 1.4198858737945557 167
1732015815816 1.4198416471481323 168
1732015815866 1.4197967052459717 169
1732015815908 1.419751524925232 170
1732015815954 1.4197059869766235 171
1732015815993 1.419659972190857 172
1732015816032 1.4196135997772217 173
1732015816071 1.4195667505264282 174
1732015816106 1.4195195436477661 175
1732015816142 1.4194718599319458 176
1732015816177 1.4194235801696777 177
1732015816210 1.4193750619888306 178
1732015816242 1.419325828552246 179
1732015816275 1.419276475906372 180
1732015816315 1.4192264080047607 181
1732015816344 1.4191758632659912 182
1732015816380 1.419124960899353 183
1732015816415 1.4190735816955566 184
1732015816450 1.4190213680267334 185
1732015816480 1.4189687967300415 186
1732015816511 1.4189157485961914 187
1732015816574 1.4188623428344727 188
1732015816604 1.4188079833984375 189
1732015816637 1.4187533855438232 190
1732015816670 1.4186980724334717 191
1732015816700 1.4186420440673828 192
1732015816729 1.4185857772827148 193
1732015816765 1.4185285568237305 194
1732015816803 1.418470859527588 195
1732015816837 1.4184125661849976 196
1732015816867 1.41835355758667 197
1732015816894 1.4182939529418945 198
1732015816920 1.4182336330413818 199
1732015816946 1.4181727170944214 200
1732015816973 1.4181108474731445 201
1732015817002 1.418048620223999 202
1732015817033 1.4179853200912476 203
1732015817064 1.4179213047027588 204
1732015817095 1.4178566932678223 205
1732015817126 1.4177912473678589 206
1732015817157 1.4177250862121582 207
1732015817187 1.4176579713821411 208
1732015817217 1.4175901412963867 209
1732015817248 1.4175212383270264 210
1732015817279 1.4174516201019287 211
1732015817308 1.4173811674118042 212
1732015817338 1.4173097610473633 213
1732015817366 1.4172372817993164 214
1732015817393 1.4171639680862427 215
1732015817426 1.4170897006988525 216
1732015817458 1.417014241218567 217
1732015817490 1.4169378280639648 218
1732015817526 1.4168603420257568 219
1732015817565 1.4167816638946533 220
1732015817604 1.416702151298523 221
1732015817642 1.416621208190918 222
1732015817682 1.416539192199707 223
1732015817723 1.4164559841156006 224
1732015817764 1.416371464729309 225
1732015817803 1.4162856340408325 226
1732015817844 1.416198492050171 227
1732015817892 1.4161100387573242 228
1732015817932 1.4160200357437134 229
1732015817968 1.4159287214279175 230
1732015818003 1.4158358573913574 231
1732015818038 1.4157414436340332 232
1732015818077 1.4156454801559448 233
1732015818112 1.4155476093292236 234
1732015818142 1.4154483079910278 235
1732015818174 1.4153470993041992 236
1732015818206 1.415244221687317 237
1732015818241 1.4151393175125122 238
1732015818309 1.4150326251983643 239
1732015818341 1.4149237871170044 240
1732015818371 1.4148129224777222 241
1732015818401 1.4146997928619385 242
1732015818436 1.4145843982696533 243
1732015818466 1.4144668579101562 244
1732015818496 1.4143465757369995 245
1732015818526 1.4142237901687622 246
1732015818556 1.4140985012054443 247
1732015818588 1.4139704704284668 248
1732015818615 1.413839340209961 249
1732015818641 1.4137053489685059 250
1732015818668 1.413568139076233 251
1732015818701 1.4134275913238525 252
1732015818732 1.4132837057113647 253
1732015818764 1.4131361246109009 254
1732015818799 1.4129847288131714 255
1732015818826 1.4128291606903076 256
1732015818854 1.4126694202423096 257
1732015818886 1.4125052690505981 258
1732015818919 1.4123363494873047 259
1732015818955 1.4121623039245605 260
1732015818990 1.4119828939437866 261
1732015819024 1.4117978811264038 262
1732015819061 1.411606788635254 263
1732015819098 1.4114092588424683 264
1732015819133 1.4112048149108887 265
1732015819164 1.4109927415847778 266
1732015819197 1.410772681236267 267
1732015819234 1.4105440378189087 268
1732015819273 1.4103057384490967 269
1732015819309 1.4100570678710938 270
1732015819349 1.409797191619873 271
1732015819380 1.40952467918396 272
1732015819417 1.4092384576797485 273
1732015819452 1.408936619758606 274
1732015819483 1.4086174964904785 275
1732015819514 1.408278465270996 276
1732015819545 1.4079170227050781 277
1732015819575 1.4075288772583008 278
1732015819606 1.4071094989776611 279
1732015819637 1.406652569770813 280
1732015819670 1.4061486721038818 281
1732015819701 1.405584454536438 282
1732015819731 1.4049386978149414 283
1732015819762 1.4041721820831299 284
1732015819795 1.4031977653503418 285
1732015819831 1.4017468690872192 286
1732015819861 1.4017468690872192 287
