1732015810346 1.5651755332946777 0
1732015810376 1.5616836547851562 1
1732015810405 1.553181767463684 2
1732015810435 1.5367511510849 3
1732015810465 1.528825283050537 4
1732015810496 1.5227687358856201 5
1732015810524 1.5151766538619995 6
1732015810553 1.5156660079956055 7
1732015810591 1.51803457736969 8
1732015810625 1.5202140808105469 9
1732015810657 1.5222009420394897 10
1732015810692 1.5239918231964111 11
1732015810727 1.5255825519561768 12
1732015810758 1.5269695520401 13
1732015810790 1.5281479358673096 14
1732015810824 1.52911376953125 15
1732015810855 1.5298621654510498 16
1732015810884 1.5303877592086792 17
1732015810913 1.5306850671768188 18
1732015810945 1.5307480096817017 19
1732015810978 1.5305694341659546 20
1732015811013 1.530141830444336 21
1732015811043 1.5294561386108398 22
1732015811081 1.5285019874572754 23
1732015811115 1.5272681713104248 24
1732015811145 1.5257399082183838 25
1732015811183 1.5239005088806152 26
1732015811219 1.5217289924621582 27
1732015811250 1.5191994905471802 28
1732015811289 1.5171623229980469 29
1732015811321 1.5155550241470337 30
1732015811352 1.5138978958129883 31
1732015811385 1.5121898651123047 32
1732015811418 1.5104293823242188 33
1732015811448 1.508615255355835 34
1732015811479 1.5067460536956787 35
1732015811510 1.504820704460144 36
1732015811543 1.5028371810913086 37
1732015811573 1.5007946491241455 38
1732015811603 1.4986910820007324 39
1732015811630 1.496524691581726 40
1732015811663 1.4942941665649414 41
1732015811695 1.4919977188110352 42
1732015811732 1.4896330833435059 43
1732015811766 1.487198829650879 44
1732015811797 1.4846923351287842 45
1732015811830 1.4821116924285889 46
1732015811866 1.479454517364502 47
1732015811896 1.4767184257507324 48
1732015811930 1.4739007949829102 49
1732015811960 1.4709986448287964 50
1732015811990 1.468009352684021 51
1732015812021 1.4649295806884766 52
1732015812053 1.4617562294006348 53
1732015812086 1.4584853649139404 54
1732015812116 1.4551132917404175 55
1732015812144 1.4516358375549316 56
1732015812177 1.44804847240448 57
1732015812213 1.444346308708191 58
1732015812247 1.4405241012573242 59
1732015812276 1.4365761280059814 60
1732015812306 1.4324960708618164 61
1732015812335 1.428276777267456 62
1732015812368 1.4239107370376587 63
1732015812399 1.4193894863128662 64
1732015812436 1.4147038459777832 65
1732015812466 1.4098434448242188 66
1732015812495 1.4047962427139282 67
1732015812530 1.3995494842529297 68
1732015812574 1.3940880298614502 69
1732015812615 1.3883951902389526 70
1732015812648 1.3824517726898193 71
1732015812680 1.3762351274490356 72
1732015812708 1.3697198629379272 73
1732015812741 1.3628758192062378 74
1732015812773 1.355667233467102 75
1732015812803 1.3480517864227295 76
1732015812835 1.3399784564971924 77
1732015812868 1.3313844203948975 78
1732015812898 1.322192668914795 79
1732015812929 1.3123056888580322 80
1732015812962 1.3015975952148438 81
1732015812992 1.289902687072754 82
1732015813020 1.2769951820373535 83
1732015813050 1.2625559568405151 84
1732015813081 1.246110439300537 85
1732015813117 1.2269034385681152 86
1732015813154 1.2036073207855225 87
1732015813188 1.192094326019287 88
1732015813225 1.1925795078277588 89
1732015813255 1.193064570426941 90
1732015813286 1.1935497522354126 91
1732015813322 1.1940349340438843 92
1732015813354 1.1945202350616455 93
1732015813384 1.1950054168701172 94
1732015813414 1.1954907178878784 95
1732015813448 1.1959760189056396 96
1732015813482 1.1964612007141113 97
1732015813513 1.196946620941162 98
1732015813545 1.197432041168213 99
1732015813576 1.1979174613952637 100
1732015813609 1.1984028816223145 101
1732015813648 1.1988884210586548 102
1732015813681 1.1993739604949951 103
1732015813716 1.199859619140625 104
1732015813755 1.2003452777862549 105
1732015813786 1.2008309364318848 106
1732015813818 1.2013168334960938 107
1732015813851 1.2018027305603027 108
1732015813886 1.2022886276245117 109
1732015813913 1.2027745246887207 110
1732015813945 1.2032605409622192 111
1732015813975 1.2037466764450073 112
1732015814006 1.204232931137085 113
1732015814036 1.2047191858291626 114
1732015814065 1.2052055597305298 115
1732015814094 1.2056920528411865 116
1732015814123 1.2061786651611328 117
1732015814152 1.206665277481079 118
1732015814179 1.207152009010315 119
1732015814207 1.2076388597488403 120
1732015814236 1.2081258296966553 121
1732015814265 1.2086129188537598 122
1732015814295 1.2091001272201538 123
1732015814327 1.2095873355865479 124
1732015814356 1.2100746631622314 125
1732015814388 1.2105622291564941 126
1732015814420 1.211050033569336 127
1732015814447 1.2115377187728882 128
1732015814473 1.2120256423950195 129
1732015814501 1.2125136852264404 130
1732015814529 1.2130019664764404 131
1732015814558 1.2134902477264404 132
1732015814585 1.2139787673950195 133
1732015814612 1.2144672870635986 134
1732015814641 1.2149561643600464 135
1732015814668 1.2154451608657837 136
1732015814697 1.2159342765808105 137
1732015814726 1.216423511505127 138
1732015814756 1.2169129848480225 139
1732015814785 1.217402696609497 140
1732015814820 1.2178925275802612 141
1732015814852 1.2183825969696045 142
1732015814883 1.2188727855682373 143
1732015814915 1.2193632125854492 144
1732015814946 1.2198537588119507 145
1732015814976 1.2203445434570312 146
1732015815004 1.220835566520691 147
1732015815033 1.2213268280029297 148
1732015815063 1.221818208694458 149
1732015815093 1.2223100662231445 150
1732015815122 1.222801923751831 151
1732015815153 1.2232940196990967 152
1732015815183 1.2237863540649414 153
1732015815213 1.2242789268493652 154
1732015815243 1.2247718572616577 155
1732015815273 1.2252650260925293 156
1732015815304 1.2257583141326904 157
1732015815340 1.2262520790100098 158
1732015815387 1.226745843887329 159
1732015815429 1.2272400856018066 160
1732015815475 1.2277345657348633 161
1732015815524 1.2282294034957886 162
1732015815568 1.228724479675293 163
1732015815609 1.229219675064087 164
1732015815656 1.229715347290039 165
1732015815704 1.2302114963531494 166
1732015815744 1.2307076454162598 167
1732015815799 1.2312043905258179 168
1732015815851 1.231701374053955 169
1732015815893 1.2321985960006714 170
1732015815941 1.2326961755752563 171
1732015815983 1.2331942319869995 172
1732015816020 1.2336925268173218 173
1732015816061 1.2341911792755127 174
1732015816098 1.2346903085708618 175
1732015816132 1.2351897954940796 176
1732015816166 1.235689640045166 177
1732015816200 1.236189842224121 178
1732015816233 1.2366905212402344 179
1732015816263 1.2371916770935059 180
1732015816306 1.2376930713653564 181
1732015816336 1.2381949424743652 182
1732015816370 1.2386972904205322 183
1732015816406 1.239200234413147 184
1732015816440 1.2397034168243408 185
1732015816473 1.2402071952819824 186
1732015816501 1.2407114505767822 187
1732015816534 1.2412161827087402 188
1732015816596 1.241721272468567 189
1732015816628 1.2422270774841309 190
1732015816660 1.2427332401275635 191
1732015816692 1.2432398796081543 192
1732015816721 1.2437471151351929 193
1732015816755 1.2442549467086792 194
1732015816791 1.2447633743286133 195
1732015816829 1.245272159576416 196
1732015816860 1.2457817792892456 197
1732015816886 1.2462918758392334 198
1732015816912 1.246802568435669 199
1732015816939 1.2473139762878418 200
1732015816966 1.2478258609771729 201
1732015816994 1.2483385801315308 202
1732015817022 1.2488517761230469 203
1732015817056 1.2493658065795898 204
1732015817087 1.249880313873291 205
1732015817118 1.2503957748413086 206
1732015817148 1.2509117126464844 207
1732015817179 1.2514286041259766 208
1732015817209 1.2519460916519165 209
1732015817239 1.2524644136428833 210
1732015817271 1.252983570098877 211
1732015817300 1.253503441810608 212
1732015817330 1.2540242671966553 213
1732015817358 1.2545456886291504 214
1732015817386 1.255068063735962 215
1732015817416 1.2555913925170898 216
1732015817449 1.2561155557632446 217
1732015817481 1.2566406726837158 218
1732015817515 1.257166862487793 219
1732015817553 1.2576937675476074 220
1732015817593 1.2582218647003174 221
1732015817631 1.2587509155273438 222
1732015817670 1.2592809200286865 223
1732015817712 1.2598121166229248 224
1732015817752 1.260344386100769 225
1732015817791 1.2608776092529297 226
1732015817834 1.2614121437072754 227
1732015817877 1.2619478702545166 228
1732015817920 1.2624847888946533 229
1732015817957 1.2630228996276855 230
1732015817993 1.2635624408721924 231
1732015818028 1.2641031742095947 232
1732015818065 1.2646452188491821 233
1732015818103 1.2651886940002441 234
1732015818134 1.2657337188720703 235
1732015818165 1.2662800550460815 236
1732015818199 1.2668280601501465 237
1732015818232 1.267377495765686 238
1732015818301 1.2679286003112793 239
1732015818331 1.2684814929962158 240
1732015818363 1.269036054611206 241
1732015818392 1.26959228515625 242
1732015818428 1.2701504230499268 243
1732015818457 1.2707104682922363 244
1732015818487 1.2712724208831787 245
1732015818518 1.2718364000320435 246
1732015818548 1.2724025249481201 247
1732015818580 1.2729709148406982 248
1732015818608 1.2735414505004883 249
1732015818634 1.2741143703460693 250
1732015818661 1.274689793586731 251
1732015818692 1.2752677202224731 252
1732015818722 1.275848388671875 253
1732015818754 1.276431679725647 254
1732015818791 1.2770178318023682 255
1732015818819 1.2776072025299072 256
1732015818846 1.2781996726989746 257
1732015818878 1.2787952423095703 258
1732015818911 1.2793943881988525 259
1732015818946 1.2799973487854004 260
1732015818978 1.2806038856506348 261
1732015819015 1.2812145948410034 262
1732015819049 1.281829595565796 263
1732015819088 1.2824490070343018 264
1732015819122 1.2830733060836792 265
1732015819155 1.2837026119232178 266
1732015819186 1.2843375205993652 267
1732015819224 1.2849780321121216 268
1732015819263 1.2856247425079346 269
1732015819297 1.286278247833252 270
1732015819339 1.286939024925232 271
1732015819372 1.2876076698303223 272
1732015819406 1.2882847785949707 273
1732015819442 1.2889714241027832 274
1732015819474 1.289668321609497 275
1732015819505 1.2903767824172974 276
1732015819535 1.2910983562469482 277
1732015819566 1.2918343544006348 278
1732015819596 1.2925875186920166 279
1732015819627 1.293360710144043 280
1732015819661 1.2941572666168213 281
1732015819691 1.294983148574829 282
1732015819723 1.2958459854125977 283
1732015819752 1.2967596054077148 284
1732015819786 1.2977492809295654 285
1732015819821 1.2987949848175049 286
1732015819852 1.2987949848175049 287
