1732015810349 1.1517212390899658 0
1732015810379 0.894341230392456 1
1732015810408 0.8063770532608032 2
1732015810438 0.6718047261238098 3
1732015810469 0.5926632881164551 4
1732015810499 0.5720658302307129 5
1732015810526 0.532812774181366 6
1732015810557 0.5190427899360657 7
1732015810594 0.519150972366333 8
1732015810627 0.5188403129577637 9
1732015810660 0.5180924534797668 10
1732015810695 0.5168866515159607 11
1732015810731 0.5151997804641724 12
1732015810761 0.5130058526992798 13
1732015810794 0.5102748870849609 14
1732015810827 0.5069727897644043 15
1732015810858 0.5030595064163208 16
1732015810887 0.49848830699920654 17
1732015810918 0.4932032525539398 18
1732015810948 0.48713698983192444 19
1732015810981 0.48020684719085693 20
1732015811017 0.47230932116508484 21
1732015811047 0.4633118510246277 22
1732015811085 0.4530392587184906 23
1732015811118 0.4412507116794586 24
1732015811148 0.4275957942008972 25
1732015811187 0.4115179181098938 26
1732015811221 0.3919863998889923 27
1732015811253 0.36622580885887146 28
1732015811292 0.3527566194534302 29
1732015811324 0.35428500175476074 30
1732015811355 0.3557530343532562 31
1732015811388 0.35715925693511963 32
1732015811421 0.3585023283958435 33
1732015811451 0.3597807288169861 34
1732015811482 0.36099302768707275 35
1732015811513 0.36213767528533936 36
1732015811547 0.36321312189102173 37
1732015811576 0.36421772837638855 38
1732015811605 0.3651498258113861 39
1732015811633 0.3660077452659607 40
1732015811666 0.3667895793914795 41
1732015811700 0.36749354004859924 42
1732015811736 0.3681176006793976 43
1732015811769 0.36865976452827454 44
1732015811801 0.3691178262233734 45
1732015811834 0.3694896101951599 46
1732015811869 0.36977261304855347 47
1732015811900 0.3699643611907959 48
1732015811933 0.37006211280822754 49
1732015811964 0.37006303668022156 50
1732015811993 0.36996403336524963 51
1732015812024 0.36976179480552673 52
1732015812056 0.3694528341293335 53
1732015812089 0.36903324723243713 54
1732015812118 0.36849895119667053 55
1732015812146 0.36784541606903076 56
1732015812180 0.36706775426864624 57
1732015812217 0.3661605715751648 58
1732015812249 0.36511802673339844 59
1732015812278 0.3639335334300995 60
1732015812309 0.3625999093055725 61
1732015812337 0.3611092269420624 62
1732015812371 0.359452486038208 63
1732015812403 0.3576197326183319 64
1732015812438 0.35559964179992676 65
1732015812469 0.3533795177936554 66
1732015812498 0.3509448170661926 67
1732015812534 0.3482789993286133 68
1732015812578 0.34536290168762207 69
1732015812618 0.3421745300292969 70
1732015812651 0.33868804574012756 71
1732015812682 0.33487316966056824 72
1732015812712 0.33069413900375366 73
1732015812744 0.32610806822776794 74
1732015812776 0.32106322050094604 75
1732015812805 0.31549638509750366 76
1732015812838 0.3093293309211731 77
1732015812871 0.3024635910987854 78
1732015812902 0.2947731614112854 79
1732015812932 0.2860931158065796 80
1732015812965 0.2762017250061035 81
1732015812994 0.2647910714149475 82
1732015813023 0.25141406059265137 83
1732015813053 0.235383078455925 84
1732015813084 0.21554557979106903 85
1732015813120 0.18967828154563904 86
1732015813157 0.15191787481307983 87
1732015813192 0.12484559416770935 88
1732015813229 0.12486886978149414 89
1732015813257 0.1248902976512909 90
1732015813289 0.12490984797477722 91
1732015813325 0.12492753565311432 92
1732015813357 0.1249433308839798 93
1732015813387 0.12495721131563187 94
1732015813417 0.12496916949748993 95
1732015813452 0.12497919797897339 96
1732015813485 0.12498728930950165 97
1732015813516 0.12499339878559113 98
1732015813548 0.12499754130840302 99
1732015813581 0.12499967962503433 100
1732015813613 0.12499980628490448 101
1732015813652 0.12499792128801346 102
1732015813685 0.12499397993087769 103
1732015813720 0.12498798966407776 104
1732015813760 0.12497993558645248 105
1732015813789 0.12496978044509888 106
1732015813821 0.12495751678943634 107
1732015813853 0.12494314461946487 108
1732015813889 0.1249266117811203 109
1732015813916 0.12490792572498322 110
1732015813948 0.12488707154989243 111
1732015813979 0.12486401200294495 112
1732015814009 0.12483873963356018 113
1732015814039 0.12481123954057693 114
1732015814069 0.12478148937225342 115
1732015814097 0.12474946677684784 116
1732015814125 0.12471514195203781 117
1732015814154 0.12467852234840393 118
1732015814182 0.12463956326246262 119
1732015814209 0.12459825724363327 120
1732015814239 0.1245545744895935 121
1732015814267 0.12450848519802094 122
1732015814299 0.12445999681949615 123
1732015814330 0.12440907210111618 124
1732015814360 0.12435567378997803 125
1732015814392 0.1242998018860817 126
1732015814422 0.1242414116859436 127
1732015814449 0.12418050318956375 128
1732015814476 0.12411703914403915 129
1732015814504 0.12405098974704742 130
1732015814531 0.12398234009742737 131
1732015814561 0.123911052942276 132
1732015814588 0.12383712083101273 133
1732015814615 0.12376052141189575 134
1732015814643 0.12368118762969971 135
1732015814671 0.12359912693500519 136
1732015814700 0.12351430952548981 137
1732015814728 0.12342670559883118 138
1732015814758 0.12333627045154572 139
1732015814787 0.12324298918247223 140
1732015814824 0.12314683198928833 141
1732015814856 0.12304776906967163 142
1732015814886 0.12294577062129974 143
1732015814917 0.12284079194068909 144
1732015814949 0.12273281812667847 145
1732015814979 0.1226218044757843 146
1732015815007 0.1225077286362648 147
1732015815036 0.12239055335521698 148
1732015815066 0.12227022647857666 149
1732015815096 0.12214674055576324 150
1732015815125 0.12202005088329315 151
1732015815155 0.1218901127576828 152
1732015815185 0.1217568889260292 153
1732015815216 0.12162035703659058 154
1732015815246 0.12148045003414154 155
1732015815276 0.1213371604681015 156
1732015815307 0.12119044363498688 157
1732015815347 0.1210402399301529 158
1732015815390 0.12088651955127716 159
1732015815434 0.1207292303442955 160
1732015815481 0.12056834250688553 161
1732015815529 0.12040381133556366 162
1732015815571 0.12023557722568512 163
1732015815613 0.12006358802318573 164
1732015815661 0.1198878288269043 165
1732015815709 0.11970821768045425 166
1732015815749 0.11952471733093262 167
1732015815804 0.1193372905254364 168
1732015815857 0.11914587020874023 169
1732015815897 0.11895041167736053 170
1732015815945 0.11875085532665253 171
1732015815987 0.11854714155197144 172
1732015816024 0.11833922564983368 173
1732015816064 0.11812704801559448 174
1732015816101 0.11791054904460907 175
1732015816135 0.11768966168165207 176
1732015816170 0.11746431887149811 177
1732015816203 0.1172344759106636 178
1732015816236 0.117000050842762 179
1732015816267 0.1167609915137291 180
1732015816309 0.11651721596717834 181
1732015816339 0.11626867204904556 182
1732015816372 0.11601528525352478 183
1732015816409 0.11575695872306824 184
1732015816442 0.11549364030361176 185
1732015816475 0.11522524058818817 186
1732015816503 0.11495169997215271 187
1732015816568 0.11467292159795761 188
1732015816599 0.11438882350921631 189
1732015816631 0.11409933120012283 190
1732015816664 0.11380435526371002 191
1732015816695 0.11350379139184952 192
1732015816724 0.11319755762815475 193
1732015816759 0.11288556456565857 194
1732015816795 0.1125677078962326 195
1732015816832 0.1122438833117485 196
1732015816862 0.11191399395465851 197
1732015816888 0.11157793551683426 198
1732015816915 0.1112356036901474 199
1732015816942 0.11088688671588898 200
1732015816968 0.11053164303302765 201
1732015816997 0.11016978323459625 202
1732015817025 0.10980118811130524 203
1732015817059 0.10942572355270386 204
1732015817090 0.10904324054718018 205
1732015817121 0.10865364223718643 206
1732015817151 0.10825677216053009 207
1732015817181 0.10785248130559921 208
1732015817212 0.10744062066078186 209
1732015817242 0.10702106356620789 210
1732015817274 0.10659363120794296 211
1732015817303 0.10615817457437515 212
1732015817333 0.10571451485157013 213
1732015817361 0.10526248812675476 214
1732015817388 0.10480190813541412 215
1732015817419 0.10433259606361389 216
1732015817453 0.10385435819625854 217
1732015817484 0.10336700826883316 218
1732015817519 0.10287031531333923 219
1732015817557 0.10236408561468124 220
1732015817598 0.10184808075428009 221
1732015817635 0.10132209956645966 222
1732015817673 0.10078586637973785 223
1732015817716 0.10023917257785797 224
1732015817756 0.09968172758817673 225
1732015817794 0.09911327809095383 226
1732015817837 0.09853354096412659 227
1732015817882 0.09794222563505173 228
1732015817924 0.09733903408050537 229
1732015817959 0.09672363102436066 230
1732015817997 0.09609570354223251 231
1732015818031 0.09545491635799408 232
1732015818070 0.09480086714029312 233
1732015818106 0.09413321316242218 234
1732015818137 0.09345155954360962 235
1732015818168 0.09275548160076141 236
1732015818202 0.09204453974962234 237
1732015818235 0.091318279504776 238
1732015818304 0.09057623147964478 239
1732015818335 0.08981789648532867 240
1732015818365 0.08904270827770233 241
1732015818395 0.08825013786554337 242
1732015818431 0.08743958175182343 243
1732015818460 0.08661042153835297 244
1732015818490 0.08576200902462006 245
1732015818521 0.0848936215043068 246
1732015818551 0.08400453627109528 247
1732015818583 0.08309394121170044 248
1732015818610 0.08216100931167603 249
1732015818637 0.081204853951931 250
1732015818664 0.08022452890872955 251
1732015818695 0.07921900600194931 252
1732015818725 0.07818718999624252 253
1732015818757 0.07712791860103607 254
1732015818794 0.07603993266820908 255
1732015818821 0.0749218761920929 256
1732015818849 0.07377229630947113 257
1732015818881 0.07258960604667664 258
1732015818915 0.07137207686901093 259
1732015818949 0.07011784613132477 260
1732015818983 0.06882486492395401 261
1732015819018 0.06749089807271957 262
1732015819053 0.06611350178718567 263
1732015819090 0.06468997150659561 264
1732015819126 0.06321728229522705 265
1732015819157 0.06169210001826286 266
1732015819189 0.06011071056127548 267
1732015819228 0.05846887826919556 268
1732015819266 0.05676189064979553 269
1732015819302 0.05498432368040085 270
1732015819342 0.053129974752664566 271
1732015819375 0.05119169503450394 272
1732015819410 0.04916110634803772 273
1732015819446 0.04702833294868469 274
1732015819478 0.044781602919101715 275
1732015819508 0.042406629770994186 276
1732015819539 0.03988580405712128 277
1732015819568 0.03719700500369072 278
1732015819600 0.03431165963411331 279
1732015819630 0.03119177184998989 280
1732015819665 0.02778473123908043 281
1732015819695 0.024013545364141464 282
1732015819726 0.019756579771637917 283
1732015819756 0.014797142706811428 284
1732015819789 0.008654093369841576 285
1732015819824 -0.0 286
1732015819855 -0.0 287
