1732015810352 1.3697903156280518 0
1732015810381 1.3697903156280518 1
1732015810411 1.3697903156280518 2
1732015810440 1.3697903156280518 3
1732015810472 1.3697903156280518 4
1732015810501 1.3697903156280518 5
1732015810528 1.3697903156280518 6
1732015810560 1.3697903156280518 7
1732015810597 1.3697903156280518 8
1732015810630 1.3697903156280518 9
1732015810662 1.3697903156280518 10
1732015810697 1.3697903156280518 11
1732015810735 1.3697903156280518 12
1732015810765 1.3697903156280518 13
1732015810797 1.3697903156280518 14
1732015810830 1.3697903156280518 15
1732015810861 1.3697903156280518 16
1732015810890 1.3697903156280518 17
1732015810921 1.3697903156280518 18
1732015810952 1.3697903156280518 19
1732015810985 1.3697903156280518 20
1732015811020 1.3697903156280518 21
1732015811050 1.3697903156280518 22
1732015811089 1.3697903156280518 23
1732015811120 1.3697903156280518 24
1732015811151 1.3697903156280518 25
1732015811190 1.3697903156280518 26
1732015811224 1.3697903156280518 27
1732015811257 1.3697903156280518 28
1732015811294 1.3697903156280518 29
1732015811327 1.3697903156280518 30
1732015811358 1.3697903156280518 31
1732015811391 1.3697903156280518 32
1732015811424 1.3697903156280518 33
1732015811454 1.3697903156280518 34
1732015811485 1.3697903156280518 35
1732015811515 1.3697903156280518 36
1732015811549 1.3697903156280518 37
1732015811578 1.3697903156280518 38
1732015811608 1.3697903156280518 39
1732015811635 1.3697903156280518 40
1732015811668 1.3697903156280518 41
1732015811705 1.3697903156280518 42
1732015811740 1.3697903156280518 43
1732015811773 1.3697903156280518 44
1732015811805 1.3697903156280518 45
1732015811837 1.3697903156280518 46
1732015811871 1.3697903156280518 47
1732015811903 1.3697903156280518 48
1732015811936 1.3697903156280518 49
1732015811967 1.3697903156280518 50
1732015811995 1.3697903156280518 51
1732015812027 1.3697903156280518 52
1732015812059 1.3697903156280518 53
1732015812092 1.3697903156280518 54
1732015812121 1.3697903156280518 55
1732015812149 1.3697903156280518 56
1732015812184 1.3697903156280518 57
1732015812221 1.3697903156280518 58
1732015812252 1.3697903156280518 59
1732015812281 1.3697903156280518 60
1732015812311 1.3697903156280518 61
1732015812341 1.3697903156280518 62
1732015812373 1.3697903156280518 63
1732015812406 1.3697903156280518 64
1732015812441 1.3697903156280518 65
1732015812471 1.3697903156280518 66
1732015812500 1.3697903156280518 67
1732015812537 1.3697903156280518 68
1732015812583 1.3697903156280518 69
1732015812620 1.3697903156280518 70
1732015812653 1.3697903156280518 71
1732015812685 1.3697903156280518 72
1732015812715 1.3697903156280518 73
1732015812747 1.3697903156280518 74
1732015812778 1.3697903156280518 75
1732015812808 1.3697903156280518 76
1732015812841 1.3697903156280518 77
1732015812874 1.3697903156280518 78
1732015812905 1.3697903156280518 79
1732015812934 1.3697903156280518 80
1732015812967 1.3697903156280518 81
1732015812997 1.3697903156280518 82
1732015813026 1.3697903156280518 83
1732015813057 1.3697903156280518 84
1732015813086 1.3697903156280518 85
1732015813124 1.3697903156280518 86
1732015813160 1.3697903156280518 87
1732015813194 1.3697903156280518 88
1732015813232 1.3697903156280518 89
1732015813260 1.3697903156280518 90
1732015813292 1.3697903156280518 91
1732015813328 1.3697903156280518 92
1732015813360 1.3697903156280518 93
1732015813389 1.3697903156280518 94
1732015813420 1.3697903156280518 95
1732015813455 1.3697903156280518 96
1732015813489 1.3697903156280518 97
1732015813520 1.3697903156280518 98
1732015813552 1.3697903156280518 99
1732015813584 1.3697903156280518 100
1732015813617 1.3697903156280518 101
1732015813655 1.3697903156280518 102
1732015813689 1.3697903156280518 103
1732015813723 1.3697903156280518 104
1732015813762 1.3697903156280518 105
1732015813792 1.3697903156280518 106
1732015813824 1.3697903156280518 107
1732015813856 1.3697903156280518 108
1732015813891 1.3697903156280518 109
1732015813919 1.3697903156280518 110
1732015813950 1.3697903156280518 111
1732015813981 1.3697903156280518 112
1732015814012 1.3697903156280518 113
1732015814042 1.3697903156280518 114
1732015814072 1.3697903156280518 115
1732015814100 1.3697903156280518 116
1732015814129 1.3697903156280518 117
1732015814157 1.3697903156280518 118
1732015814184 1.3697903156280518 119
1732015814212 1.3697903156280518 120
1732015814241 1.3697903156280518 121
1732015814270 1.3697903156280518 122
1732015814302 1.3697903156280518 123
1732015814333 1.3697903156280518 124
1732015814363 1.3697903156280518 125
1732015814395 1.3697903156280518 126
1732015814424 1.3697903156280518 127
1732015814451 1.3697903156280518 128
1732015814479 1.3697903156280518 129
1732015814506 1.3697903156280518 130
1732015814534 1.3697903156280518 131
1732015814563 1.3697903156280518 132
1732015814591 1.3697903156280518 133
1732015814618 1.3697903156280518 134
1732015814646 1.3697903156280518 135
1732015814673 1.3697903156280518 136
1732015814702 1.3697903156280518 137
1732015814731 1.3697903156280518 138
1732015814761 1.3697903156280518 139
1732015814790 1.3697903156280518 140
1732015814827 1.3697903156280518 141
1732015814859 1.3697903156280518 142
1732015814889 1.3697903156280518 143
1732015814920 1.3697903156280518 144
1732015814952 1.3697903156280518 145
1732015814981 1.3697903156280518 146
1732015815010 1.3697903156280518 147
1732015815039 1.3697903156280518 148
1732015815069 1.3697903156280518 149
1732015815099 1.3697903156280518 150
1732015815128 1.3697903156280518 151
1732015815158 1.3697903156280518 152
1732015815188 1.3697903156280518 153
1732015815219 1.3697903156280518 154
1732015815249 1.3697903156280518 155
1732015815279 1.3697903156280518 156
1732015815309 1.3697903156280518 157
1732015815352 1.3697903156280518 158
1732015815393 1.3697903156280518 159
1732015815439 1.3697903156280518 160
1732015815486 1.3697903156280518 161
1732015815534 1.3697903156280518 162
1732015815574 1.3697903156280518 163
1732015815618 1.3697903156280518 164
1732015815666 1.3697903156280518 165
1732015815713 1.3697903156280518 166
1732015815753 1.3697903156280518 167
1732015815810 1.3697903156280518 168
1732015815861 1.3697903156280518 169
1732015815902 1.3697903156280518 170
1732015815949 1.3697903156280518 171
1732015815990 1.3697903156280518 172
1732015816028 1.3697903156280518 173
1732015816068 1.3697903156280518 174
1732015816104 1.3697903156280518 175
1732015816138 1.3697903156280518 176
1732015816173 1.3697903156280518 177
1732015816207 1.3697903156280518 178
1732015816239 1.3697903156280518 179
1732015816271 1.3697903156280518 180
1732015816311 1.3697903156280518 181
1732015816341 1.3697903156280518 182
1732015816376 1.3697903156280518 183
1732015816412 1.3697903156280518 184
1732015816446 1.3697903156280518 185
1732015816478 1.3697903156280518 186
1732015816506 1.3697903156280518 187
1732015816571 1.3697903156280518 188
1732015816601 1.3697903156280518 189
1732015816634 1.3697903156280518 190
1732015816667 1.3697903156280518 191
1732015816697 1.3697903156280518 192
1732015816727 1.3697903156280518 193
1732015816762 1.3697903156280518 194
1732015816800 1.3697903156280518 195
1732015816835 1.3697903156280518 196
1732015816865 1.3697903156280518 197
1732015816891 1.3697903156280518 198
1732015816917 1.3697903156280518 199
1732015816944 1.3697903156280518 200
1732015816971 1.3697903156280518 201
1732015816999 1.3697903156280518 202
1732015817029 1.3697903156280518 203
1732015817062 1.3697903156280518 204
1732015817093 1.3697903156280518 205
1732015817123 1.3697903156280518 206
1732015817154 1.3697903156280518 207
1732015817184 1.3697903156280518 208
1732015817215 1.3697903156280518 209
1732015817245 1.3697903156280518 210
1732015817276 1.3697903156280518 211
1732015817306 1.3697903156280518 212
1732015817336 1.3697903156280518 213
1732015817363 1.3697903156280518 214
1732015817391 1.3697903156280518 215
1732015817423 1.3697903156280518 216
1732015817455 1.3697903156280518 217
1732015817487 1.3697903156280518 218
1732015817523 1.3697903156280518 219
1732015817561 1.3697903156280518 220
1732015817601 1.3697903156280518 221
1732015817638 1.3697903156280518 222
1732015817678 1.3697903156280518 223
1732015817720 1.3697903156280518 224
1732015817760 1.3697903156280518 225
1732015817799 1.3697903156280518 226
1732015817841 1.3697903156280518 227
1732015817887 1.3697903156280518 228
1732015817928 1.3697903156280518 229
1732015817963 1.3697903156280518 230
1732015818000 1.3697903156280518 231
1732015818034 1.3697903156280518 232
1732015818074 1.3697903156280518 233
1732015818109 1.3697903156280518 234
1732015818140 1.3697903156280518 235
1732015818171 1.3697903156280518 236
1732015818204 1.3697903156280518 237
1732015818238 1.3697903156280518 238
1732015818306 1.3697903156280518 239
1732015818338 1.3697903156280518 240
1732015818368 1.3697903156280518 241
1732015818398 1.3697903156280518 242
1732015818433 1.3697903156280518 243
1732015818463 1.3697903156280518 244
1732015818493 1.3697903156280518 245
1732015818523 1.3697903156280518 246
1732015818554 1.3697903156280518 247
1732015818585 1.3697903156280518 248
1732015818613 1.3697903156280518 249
1732015818639 1.3697903156280518 250
1732015818666 1.3697903156280518 251
1732015818697 1.3697903156280518 252
1732015818728 1.3697903156280518 253
1732015818761 1.3697903156280518 254
1732015818797 1.3697903156280518 255
1732015818824 1.3697903156280518 256
1732015818852 1.3697903156280518 257
1732015818883 1.3697903156280518 258
1732015818917 1.3697903156280518 259
1732015818952 1.3697903156280518 260
1732015818986 1.3697903156280518 261
1732015819021 1.3697903156280518 262
1732015819057 1.3697903156280518 263
1732015819093 1.3697903156280518 264
1732015819130 1.3697903156280518 265
1732015819161 1.3697903156280518 266
1732015819192 1.3697903156280518 267
1732015819231 1.3697903156280518 268
1732015819270 1.3697903156280518 269
1732015819306 1.3697903156280518 270
1732015819346 1.3697903156280518 271
1732015819378 1.3697903156280518 272
1732015819413 1.3697903156280518 273
1732015819450 1.3697903156280518 274
1732015819480 1.3697903156280518 275
1732015819511 1.3697903156280518 276
1732015819542 1.3697903156280518 277
1732015819571 1.3697903156280518 278
1732015819603 1.3697903156280518 279
1732015819634 1.3697903156280518 280
1732015819667 1.3697903156280518 281
1732015819698 1.3697903156280518 282
1732015819729 1.3697903156280518 283
1732015819759 1.3697903156280518 284
1732015819792 1.3697903156280518 285
1732015819828 1.3697903156280518 286
1732015819858 1.3697903156280518 287
