1732015810357 1.1443079710006714 0
1732015810386 1.0220643281936646 1
1732015810416 0.9942436218261719 2
1732015810446 0.956863284111023 3
1732015810477 0.9362861514091492 4
1732015810506 0.9258597493171692 5
1732015810533 0.9122614860534668 6
1732015810567 0.907711386680603 7
1732015810605 0.9057218432426453 8
1732015810637 0.9036998152732849 9
1732015810667 0.9016439914703369 10
1732015810703 0.8995535373687744 11
1732015810740 0.8974267244338989 12
1732015810771 0.8952618837356567 13
1732015810804 0.8930573463439941 14
1732015810836 0.8908102512359619 15
1732015810867 0.8885178565979004 16
1732015810895 0.8861767649650574 17
1732015810926 0.883782684803009 18
1732015810958 0.8813304901123047 19
1732015810991 0.8788142800331116 20
1732015811026 0.8762264251708984 21
1732015811055 0.8735580444335938 22
1732015811096 0.8707975149154663 23
1732015811125 0.8679313659667969 24
1732015811157 0.8649419546127319 25
1732015811199 0.8618070483207703 26
1732015811230 0.8584983348846436 27
1732015811264 0.8549783229827881 28
1732015811301 0.8532782793045044 29
1732015811333 0.8527623414993286 30
1732015811364 0.8522392511367798 31
1732015811397 0.8517088890075684 32
1732015811429 0.8511713743209839 33
1732015811460 0.8506265878677368 34
1732015811490 0.850074291229248 35
1732015811520 0.8495147228240967 36
1732015811556 0.8489476442337036 37
1732015811584 0.8483731746673584 38
1732015811613 0.8477910757064819 39
1732015811642 0.8472014665603638 40
1732015811673 0.8466041088104248 41
1732015811711 0.8459987640380859 42
1732015811746 0.8453854918479919 43
1732015811779 0.844764232635498 44
1732015811812 0.8441346287727356 45
1732015811843 0.8434964418411255 46
1732015811876 0.8428499102592468 47
1732015811909 0.8421943187713623 48
1732015811942 0.8415296077728271 49
1732015811972 0.8408553600311279 50
1732015812001 0.8401714563369751 51
1732015812033 0.8394773006439209 52
1732015812064 0.8387725353240967 53
1732015812097 0.8380565643310547 54
1732015812125 0.837329089641571 55
1732015812155 0.8365892171859741 56
1732015812190 0.8358364105224609 57
1732015812227 0.8350697755813599 58
1732015812257 0.8342881798744202 59
1732015812286 0.8334908485412598 60
1732015812316 0.8326764106750488 61
1732015812349 0.8318434357643127 62
1732015812378 0.8309902548789978 63
1732015812413 0.8301149606704712 64
1732015812448 0.8292154669761658 65
1732015812477 0.8282890915870667 66
1732015812507 0.8273329734802246 67
1732015812545 0.8263435363769531 68
1732015812591 0.8253166675567627 69
1732015812627 0.824247419834137 70
1732015812660 0.8231302499771118 71
1732015812691 0.8219581246376038 72
1732015812721 0.8207224607467651 73
1732015812754 0.8194131255149841 74
1732015812785 0.8180178999900818 75
1732015812815 0.8165209293365479 76
1732015812848 0.8149029612541199 77
1732015812881 0.8131393194198608 78
1732015812911 0.8111980557441711 79
1732015812940 0.8090367317199707 80
1732015812973 0.8065986037254333 81
1732015813003 0.8038046360015869 82
1732015813032 0.800540566444397 83
1732015813063 0.7966338396072388 84
1732015813094 0.7918066382408142 85
1732015813133 0.7855691909790039 86
1732015813167 0.7769336700439453 87
1732015813202 0.7719908952713013 88
1732015813237 0.7719669342041016 89
1732015813266 0.7719429731369019 90
1732015813299 0.771918773651123 91
1732015813334 0.7718944549560547 92
1732015813367 0.7718700766563416 93
1732015813395 0.7718455791473389 94
1732015813428 0.7718208432197571 95
1732015813463 0.7717961072921753 96
1732015813496 0.7717711925506592 97
1732015813525 0.7717461585998535 98
1732015813557 0.7717210054397583 99
1732015813589 0.7716957330703735 100
1732015813624 0.7716703414916992 101
1732015813662 0.7716447710990906 102
1732015813695 0.7716190814971924 103
1732015813729 0.7715932130813599 104
1732015813768 0.7715673446655273 105
1732015813799 0.7715412378311157 106
1732015813830 0.7715150117874146 107
1732015813864 0.7714885473251343 108
1732015813896 0.771462082862854 109
1732015813925 0.7714353799819946 110
1732015813956 0.7714086174964905 111
1732015813987 0.7713816165924072 112
1732015814018 0.7713545560836792 113
1732015814047 0.7713273763656616 114
1732015814077 0.7712999582290649 115
1732015814105 0.7712723612785339 116
1732015814135 0.7712446451187134 117
1732015814163 0.7712168097496033 118
1732015814190 0.7711888551712036 119
1732015814218 0.7711606025695801 120
1732015814247 0.771132230758667 121
1732015814275 0.7711037993431091 122
1732015814308 0.7710751295089722 123
1732015814338 0.7710462808609009 124
1732015814368 0.77101731300354 125
1732015814402 0.7709881067276001 126
1732015814429 0.7709587812423706 127
1732015814456 0.770929217338562 128
1732015814484 0.7708995938301086 129
1732015814511 0.7708697319030762 130
1732015814539 0.7708396911621094 131
1732015814568 0.7708094120025635 132
1732015814596 0.770779013633728 133
1732015814623 0.770748496055603 134
1732015814652 0.7707176208496094 135
1732015814679 0.7706866264343262 136
1732015814707 0.7706555128097534 137
1732015814738 0.7706241607666016 138
1732015814766 0.7705925703048706 139
1732015814796 0.7705608606338501 140
1732015814832 0.7705289125442505 141
1732015814865 0.7704967260360718 142
1732015814894 0.770464301109314 143
1732015814927 0.7704317569732666 144
1732015814958 0.7703989744186401 145
1732015814985 0.7703659534454346 146
1732015815015 0.7703326940536499 147
1732015815044 0.7702991962432861 148
1732015815074 0.7702655792236328 149
1732015815104 0.7702317237854004 150
1732015815134 0.7701975107192993 151
1732015815163 0.7701632380485535 152
1732015815194 0.770128607749939 153
1732015815224 0.7700937390327454 154
1732015815254 0.7700586915016174 155
1732015815284 0.7700233459472656 156
1732015815315 0.7699878215789795 157
1732015815360 0.7699519395828247 158
1732015815401 0.7699159383773804 159
1732015815449 0.7698795795440674 160
1732015815496 0.7698429822921753 161
1732015815542 0.7698060870170593 162
1732015815582 0.769769012928009 163
1732015815627 0.7697315216064453 164
1732015815675 0.7696939706802368 165
1732015815719 0.7696559429168701 166
1732015815764 0.7696176767349243 167
1732015815820 0.7695791721343994 168
1732015815869 0.7695403099060059 169
1732015815912 0.7695012092590332 170
1732015815958 0.7694617509841919 171
1732015815997 0.7694220542907715 172
1732015816036 0.7693819999694824 173
1732015816075 0.7693415880203247 174
1732015816110 0.7693009376525879 175
1732015816145 0.7692598700523376 176
1732015816180 0.7692185044288635 177
1732015816213 0.7691768407821655 178
1732015816245 0.7691347599029541 179
1732015816279 0.7690924406051636 180
1732015816317 0.7690497636795044 181
1732015816347 0.769006609916687 182
1732015816384 0.7689632177352905 183
1732015816418 0.7689193487167358 184
1732015816454 0.7688751220703125 185
1732015816483 0.7688305377960205 186
1732015816514 0.7687855958938599 187
1732015816577 0.7687402963638306 188
1732015816607 0.7686944007873535 189
1732015816640 0.7686482667922974 190
1732015816672 0.768601655960083 191
1732015816703 0.7685546278953552 192
1732015816732 0.7685071229934692 193
1732015816768 0.7684592008590698 194
1732015816807 0.768410861492157 195
1732015816840 0.7683620452880859 196
1732015816870 0.7683128118515015 197
1732015816896 0.7682629823684692 198
1732015816923 0.7682127356529236 199
1732015816949 0.7681620121002197 200
1732015816976 0.7681107521057129 201
1732015817004 0.7680589556694031 202
1732015817036 0.7680066823959351 203
1732015817067 0.7679538726806641 204
1732015817098 0.7679004669189453 205
1732015817129 0.7678465247154236 206
1732015817159 0.7677920460700989 207
1732015817189 0.7677369713783264 208
1732015817220 0.7676813006401062 209
1732015817251 0.7676249742507935 210
1732015817281 0.7675681114196777 211
1732015817311 0.7675105333328247 212
1732015817341 0.7674523591995239 213
1732015817368 0.7673935294151306 214
1732015817395 0.767333984375 215
1732015817430 0.7672737836837769 216
1732015817461 0.7672128677368164 217
1732015817494 0.7671511769294739 218
1732015817531 0.767088770866394 219
1732015817568 0.7670255899429321 220
1732015817606 0.7669616341590881 221
1732015817646 0.7668969035148621 222
1732015817686 0.7668313384056091 223
1732015817728 0.7667648792266846 224
1732015817768 0.7666976451873779 225
1732015817807 0.7666294574737549 226
1732015817849 0.7665603160858154 227
1732015817897 0.7664902806282043 228
1732015817935 0.7664192914962769 229
1732015817971 0.7663472890853882 230
1732015818006 0.7662742733955383 231
1732015818041 0.7662001848220825 232
1732015818081 0.7661250233650208 233
1732015818115 0.766048789024353 234
1732015818145 0.765971302986145 235
1732015818179 0.7658926844596863 236
1732015818210 0.765812873840332 237
1732015818245 0.765731692314148 238
1732015818312 0.7656493186950684 239
1732015818344 0.7655655741691589 240
1732015818373 0.7654804587364197 241
1732015818404 0.765393853187561 242
1732015818439 0.7653056383132935 243
1732015818468 0.7652159929275513 244
1732015818499 0.7651246786117554 245
1732015818529 0.7650316953659058 246
1732015818559 0.7649370431900024 247
1732015818590 0.7648404836654663 248
1732015818617 0.7647420167922974 249
1732015818644 0.7646416425704956 250
1732015818672 0.7645392417907715 251
1732015818703 0.7644346952438354 252
1732015818735 0.7643277645111084 253
1732015818768 0.7642185688018799 254
1732015818801 0.7641069889068604 255
1732015818828 0.7639927864074707 256
1732015818857 0.7638758420944214 257
1732015818889 0.7637560367584229 258
1732015818922 0.7636331915855408 259
1732015818959 0.7635072469711304 260
1732015818994 0.7633779048919678 261
1732015819028 0.7632449269294739 262
1732015819065 0.7631081938743591 263
1732015819101 0.7629674673080444 264
1732015819135 0.7628222703933716 265
1732015819167 0.7626726031303406 266
1732015819202 0.7625178694725037 267
1732015819237 0.762357771396637 268
1732015819275 0.762191891670227 269
1732015819314 0.7620197534561157 270
1732015819352 0.7618407607078552 271
1732015819384 0.7616541385650635 272
1732015819420 0.761459231376648 273
1732015819455 0.7612550854682922 274
1732015819486 0.7610406279563904 275
1732015819517 0.7608144283294678 276
1732015819548 0.7605748772621155 277
1732015819578 0.7603198289871216 278
1732015819608 0.7600467205047607 279
1732015819641 0.7597517967224121 280
1732015819673 0.7594301700592041 281
1732015819704 0.7590743899345398 282
1732015819734 0.7586726546287537 283
1732015819765 0.7582041025161743 284
1732015819798 0.7576219439506531 285
1732015819833 0.7567934989929199 286
1732015819863 0.7567934989929199 287
