1732015810360 0.0 0
1732015810389 0.0 1
1732015810419 0.0 2
1732015810448 0.0 3
1732015810480 0.0 4
1732015810508 0.0 5
1732015810535 0.0 6
1732015810571 0.0 7
1732015810609 0.0 8
1732015810640 0.0 9
1732015810670 0.0 10
1732015810706 0.0 11
1732015810743 0.0 12
1732015810773 0.0 13
1732015810807 0.0 14
1732015810839 0.0 15
1732015810869 0.0 16
1732015810898 0.0 17
1732015810928 0.0 18
1732015810960 0.0 19
1732015810994 0.0 20
1732015811028 0.0 21
1732015811059 0.0 22
1732015811100 0.0 23
1732015811128 0.0 24
1732015811160 0.0 25
1732015811203 0.0 26
1732015811233 0.0 27
1732015811268 0.0 28
1732015811303 0.0 29
1732015811335 0.0 30
1732015811367 0.0 31
1732015811400 0.0 32
1732015811432 0.0 33
1732015811463 0.0 34
1732015811493 0.0 35
1732015811525 0.0 36
1732015811559 0.0 37
1732015811587 0.0 38
1732015811615 0.0 39
1732015811646 0.0 40
1732015811678 0.0 41
1732015811715 0.0 42
1732015811749 0.0 43
1732015811782 0.0 44
1732015811815 0.0 45
1732015811846 0.0 46
1732015811880 0.0 47
1732015811913 0.0 48
1732015811944 0.0 49
1732015811975 0.0 50
1732015812004 0.0 51
1732015812036 0.0 52
1732015812067 0.0 53
1732015812100 0.0 54
1732015812127 0.0 55
1732015812158 0.0 56
1732015812193 0.0 57
1732015812230 0.0 58
1732015812260 0.0 59
1732015812289 0.0 60
1732015812319 0.0 61
1732015812353 0.0 62
1732015812381 0.0 63
1732015812418 0.0 64
1732015812451 0.0 65
1732015812480 0.0 66
1732015812512 0.0 67
1732015812548 0.0 68
1732015812595 0.0 69
1732015812631 0.0 70
1732015812663 0.0 71
1732015812694 0.0 72
1732015812724 0.0 73
1732015812758 0.0 74
1732015812788 0.0 75
1732015812818 0.0 76
1732015812852 0.0 77
1732015812883 0.0 78
1732015812914 0.0 79
1732015812943 0.0 80
1732015812976 0.0 81
1732015813006 0.0 82
1732015813035 0.0 83
1732015813066 0.0 84
1732015813098 0.0 85
1732015813136 0.0 86
1732015813170 0.0 87
1732015813205 0.0 88
1732015813240 0.0 89
1732015813268 0.0 90
1732015813303 0.0 91
1732015813338 0.0 92
1732015813370 0.0 93
1732015813398 0.0 94
1732015813431 0.0 95
1732015813465 0.0 96
1732015813498 0.0 97
1732015813528 0.0 98
1732015813560 0.0 99
1732015813592 0.0 100
1732015813628 0.0 101
1732015813665 0.0 102
1732015813700 0.0 103
1732015813734 0.0 104
1732015813771 0.0 105
1732015813802 0.0 106
1732015813833 0.0 107
1732015813867 0.0 108
1732015813898 0.0 109
1732015813928 0.0 110
1732015813959 0.0 111
1732015813990 0.0 112
1732015814020 0.0 113
1732015814050 0.0 114
1732015814080 0.0 115
1732015814108 0.0 116
1732015814138 0.0 117
1732015814165 0.0 118
1732015814193 0.0 119
1732015814221 0.0 120
1732015814250 0.0 121
1732015814277 0.0 122
1732015814310 0.0 123
1732015814342 0.0 124
1732015814372 0.0 125
1732015814405 0.0 126
1732015814432 0.0 127
1732015814458 0.0 128
1732015814486 0.0 129
1732015814513 0.0 130
1732015814541 0.0 131
1732015814571 0.0 132
1732015814598 0.0 133
1732015814626 0.0 134
1732015814654 0.0 135
1732015814683 0.0 136
1732015814709 0.0 137
1732015814741 0.0 138
1732015814768 0.0 139
1732015814799 0.0 140
1732015814836 0.0 141
1732015814868 0.0 142
1732015814898 0.0 143
1732015814930 0.0 144
1732015814961 0.0 145
1732015814989 0.0 146
1732015815018 0.0 147
1732015815047 0.0 148
1732015815077 0.0 149
1732015815107 0.0 150
1732015815137 0.0 151
1732015815166 0.0 152
1732015815196 0.0 153
1732015815227 0.0 154
1732015815257 0.0 155
1732015815287 0.0 156
1732015815317 0.0 157
1732015815365 0.0 158
1732015815406 0.0 159
1732015815454 0.0 160
1732015815501 0.0 161
1732015815546 0.0 162
1732015815587 0.0 163
1732015815632 0.0 164
1732015815680 0.0 165
1732015815722 0.0 166
1732015815768 0.0 167
1732015815823 0.0 168
1732015815873 0.0 169
1732015815916 0.0 170
1732015815962 0.0 171
1732015816000 0.0 172
1732015816039 0.0 173
1732015816079 0.0 174
1732015816114 0.0 175
1732015816148 0.0 176
1732015816183 0.0 177
1732015816216 0.0 178
1732015816248 0.0 179
1732015816283 0.0 180
1732015816320 0.0 181
1732015816350 0.0 182
1732015816387 0.0 183
1732015816421 0.0 184
1732015816457 0.0 185
1732015816487 0.0 186
1732015816517 0.0 187
1732015816580 0.0 188
1732015816610 0.0 189
1732015816643 0.0 190
1732015816676 0.0 191
1732015816706 0.0 192
1732015816734 0.0 193
1732015816771 0.0 194
1732015816810 0.0 195
1732015816843 0.0 196
1732015816872 0.0 197
1732015816899 0.0 198
1732015816925 0.0 199
1732015816952 0.0 200
1732015816979 0.0 201
1732015817006 0.0 202
1732015817039 0.0 203
1732015817070 0.0 204
1732015817101 0.0 205
1732015817131 0.0 206
1732015817162 0.0 207
1732015817192 0.0 208
1732015817222 0.0 209
1732015817254 0.0 210
1732015817284 0.0 211
1732015817314 0.0 212
1732015817343 0.0 213
1732015817370 0.0 214
1732015817398 0.0 215
1732015817433 0.0 216
1732015817464 0.0 217
1732015817497 0.0 218
1732015817534 0.0 219
1732015817572 0.0 220
1732015817611 0.0 221
1732015817650 0.0 222
1732015817690 0.0 223
1732015817732 0.0 224
1732015817772 0.0 225
1732015817811 0.0 226
1732015817853 0.0 227
1732015817901 0.0 228
1732015817938 0.0 229
1732015817974 0.0 230
1732015818009 0.0 231
1732015818045 0.0 232
1732015818085 0.0 233
1732015818118 0.0 234
1732015818148 0.0 235
1732015818183 0.0 236
1732015818214 0.0 237
1732015818248 0.0 238
1732015818315 0.0 239
1732015818346 0.0 240
1732015818376 0.0 241
1732015818408 0.0 242
1732015818442 0.0 243
1732015818472 0.0 244
1732015818502 0.0 245
1732015818533 0.0 246
1732015818562 0.0 247
1732015818593 0.0 248
1732015818620 0.0 249
1732015818646 0.0 250
1732015818675 0.0 251
1732015818706 0.0 252
1732015818738 0.0 253
1732015818771 0.0 254
1732015818804 0.0 255
1732015818831 0.0 256
1732015818860 0.0 257
1732015818893 0.0 258
1732015818926 0.0 259
1732015818963 0.0 260
1732015818998 0.0 261
1732015819032 0.0 262
1732015819069 0.0 263
1732015819104 0.0 264
1732015819138 0.0 265
1732015819170 0.0 266
1732015819206 0.0 267
1732015819241 0.0 268
1732015819279 0.0 269
1732015819318 0.0 270
1732015819354 0.0 271
1732015819388 0.0 272
1732015819424 0.0 273
1732015819458 0.0 274
1732015819489 0.0 275
1732015819519 0.0 276
1732015819550 0.0 277
1732015819581 0.0 278
1732015819611 0.0 279
1732015819644 0.0 280
1732015819676 0.0 281
1732015819707 0.0 282
1732015819737 0.0 283
1732015819768 0.0 284
1732015819801 0.0 285
1732015819836 0.0 286
1732015819866 0.0 287
