1731937060747 0.19083690643310547 0
1731937060798 0.16376781463623047 1
1731937060820 0.11889982223510742 2
1731937060843 0.0340425968170166 3
1731937060867 -0.00015974044799804688 4
1731937060890 -0.019875288009643555 5
1731937060911 -0.03012537956237793 6
1731937060935 -0.0421452522277832 7
1731937060960 -0.05264854431152344 8
1731937060980 -0.06217801570892334 9
1731937061002 -0.07325077056884766 10
1731937061024 -0.08657026290893555 11
1731937061043 -0.10357749462127686 12
1731937061064 -0.1285724639892578 13
1731937061085 -0.14894533157348633 14
1731937061104 -0.15212059020996094 15
1731937061125 -0.15552866458892822 16
1731937061147 -0.15919101238250732 17
1731937061173 -0.1631307601928711 18
1731937061205 -0.1673755645751953 19
1731937061229 -0.17195570468902588 20
1731937061253 -0.17690706253051758 21
1731937061276 -0.18227052688598633 22
1731937061300 -0.18697011470794678 23
1731937061321 -0.1916801929473877 24
1731937061341 -0.1967869997024536 25
1731937061365 -0.20235466957092285 26
1731937061388 -0.2084665298461914 27
1731937061409 -0.21523547172546387 28
1731937061432 -0.22282087802886963 29
1731937061457 -0.2314622402191162 30
1731937061483 -0.24155116081237793 31
1731937061502 -0.25381457805633545 32
1731937061524 -0.269960880279541 33
1731937061547 -0.29705238342285156 34
1731937061566 -0.3012831211090088 35
1731937061590 -0.30503666400909424 36
1731937061612 -0.30503666400909424 37
