1731937060753 2e-05 0
1731937060805 -0.027069091796875 1
1731937060827 -0.04486799240112305 2
1731937060847 -0.08485722541809082 3
1731937060872 -0.03420233726501465 4
1731937060895 -0.019715547561645508 5
1731937060919 -0.010250091552734375 6
1731937060940 -0.012019872665405273 7
1731937060964 -0.010503292083740234 8
1731937060987 -0.009529471397399902 9
1731937061007 -0.011072754859924316 10
1731937061028 -0.01331949234008789 11
1731937061049 -0.01700723171234131 12
1731937061068 -0.024994969367980957 13
1731937061090 -0.020372867584228516 14
1731937061110 -0.0031752586364746094 15
1731937061129 -0.003408074378967285 16
1731937061152 -0.0036623477935791016 17
1731937061181 -0.0039397478103637695 18
1731937061210 -0.004244804382324219 19
1731937061236 -0.004580140113830566 20
1731937061258 -0.004951357841491699 21
1731937061281 -0.00536346435546875 22
1731937061305 -0.004699587821960449 23
1731937061326 -0.004710078239440918 24
1731937061346 -0.005106806755065918 25
1731937061370 -0.005567669868469238 26
1731937061393 -0.006111860275268555 27
1731937061416 -0.006768941879272461 28
1731937061437 -0.007585406303405762 29
1731937061463 -0.008641362190246582 30
1731937061488 -0.010088920593261719 31
1731937061509 -0.01226341724395752 32
1731937061528 -0.016146302223205566 33
1731937061552 -0.027091503143310547 34
1731937061573 -0.0042307376861572266 35
1731937061594 -0.0037535429000854492 36
1731937061617 0.0 37
