1731937060750 2e-05 0
1731937060802 0.10505209118127823 1
1731937060825 0.13339738547801971 2
1731937060845 0.15752823650836945 3
1731937060870 0.08808592706918716 4
1731937060892 0.05700419843196869 5
1731937060916 0.04352319985628128 6
1731937060938 0.04690713807940483 7
1731937060962 0.040821075439453125 8
1731937060983 0.04193855822086334 9
1731937061005 0.04501447081565857 10
1731937061026 0.04904065281152725 11
1731937061046 0.05472465232014656 12
1731937061066 0.06402429193258286 13
1731937061088 0.03872471675276756 14
1731937061108 0.021817535161972046 15
1731937061127 0.02259833738207817 16
1731937061149 0.023419180884957314 17
1731937061177 0.02428397908806801 18
1731937061208 0.02519732341170311 19
1731937061232 0.02616463415324688 20
1731937061255 0.027192475274205208 21
1731937061279 0.028288712725043297 22
1731937061302 0.02576199732720852 23
1731937061324 0.02651221677660942 24
1731937061344 0.02758825570344925 25
1731937061368 0.028782082721590996 26
1731937061391 0.030124083161354065 27
1731937061411 0.03165814280509949 28
1731937061435 0.033450283110141754 29
1731937061461 0.03560642898082733 30
1731937061485 0.03831098973751068 31
1731937061506 0.04192586988210678 32
1731937061526 0.047311488538980484 33
1731937061549 0.05507475882768631 34
1731937061571 0.024342067539691925 35
1731937061592 0.021348576992750168 36
1731937061615 0.0 37
