1731937060766 2.24587345123291 0
1731937060813 2.218804359436035 1
1731937060836 2.173936367034912 2
1731937060859 2.0890791416168213 3
1731937060880 2.0548768043518066 4
1731937060903 2.035161256790161 5
1731937060928 2.0249111652374268 6
1731937060952 2.0128912925720215 7
1731937060973 2.0023880004882812 8
1731937060995 1.9928585290908813 9
1731937061018 1.981785774230957 10
1731937061036 1.9684662818908691 11
1731937061057 1.9514590501785278 12
1731937061079 1.9264640808105469 13
1731937061097 1.9060912132263184 14
1731937061118 1.9029159545898438 15
1731937061140 1.8995078802108765 16
1731937061161 1.8958455324172974 17
1731937061195 1.8919057846069336 18
1731937061221 1.8876609802246094 19
1731937061246 1.8830808401107788 20
1731937061269 1.878129482269287 21
1731937061292 1.8727660179138184 22
1731937061313 1.868066430091858 23
1731937061335 1.863356351852417 24
1731937061358 1.858249545097351 25
1731937061379 1.8526818752288818 26
1731937061402 1.8465700149536133 27
1731937061425 1.8398010730743408 28
1731937061449 1.832215666770935 29
1731937061472 1.8235743045806885 30
1731937061496 1.8134853839874268 31
1731937061518 1.8012219667434692 32
1731937061540 1.7850756645202637 33
1731937061559 1.7579841613769531 34
1731937061582 1.753753423690796 35
1731937061606 1.7499998807907104 36
1731937061626 1.7499998807907104 37
