1731937060756 1.5204771757125854 0
1731937060807 1.5328481197357178 1
1731937060829 1.5486538410186768 2
1731937060850 1.5624499320983887 3
1731937060874 1.5586824417114258 4
1731937060896 1.5576447248458862 5
1731937060922 1.5564850568771362 6
1731937060942 1.5544122457504272 7
1731937060966 1.553249478340149 8
1731937060989 1.5528998374938965 9
1731937061009 1.5522831678390503 10
1731937061030 1.5513503551483154 11
1731937061051 1.550002932548523 12
1731937061070 1.54800283908844 13
1731937061092 1.5477004051208496 14
1731937061112 1.5488847494125366 15
1731937061131 1.550055742263794 16
1731937061155 1.5512115955352783 17
1731937061185 1.5523500442504883 18
1731937061213 1.5534694194793701 19
1731937061239 1.5545668601989746 20
1731937061262 1.5556399822235107 21
1731937061284 1.5566853284835815 22
1731937061307 1.5582839250564575 23
1731937061328 1.5599513053894043 24
1731937061348 1.5614696741104126 25
1731937061372 1.5628085136413574 26
1731937061395 1.5639289617538452 27
1731937061419 1.5647804737091064 28
1731937061439 1.565293788909912 29
1731937061465 1.5653722286224365 30
1731937061490 1.564868450164795 31
1731937061511 1.5635402202606201 32
1731937061530 1.5609209537506104 33
1731937061554 1.5562384128570557 34
1731937061575 1.5590019226074219 35
1731937061596 1.5612781047821045 36
1731937061619 1.5612781047821045 37
