1731937060759 1.315326452255249 0
1731937060809 1.256781816482544 1
1731937060831 1.1713099479675293 2
1731937060855 0.9852102994918823 3
1731937060876 0.9286758899688721 4
1731937060898 0.8857804536819458 5
1731937060924 0.8542718887329102 6
1731937060944 0.8130970597267151 7
1731937060969 0.78242427110672 8
1731937060991 0.7678572535514832 9
1731937061012 0.7506848573684692 10
1731937061032 0.7300338745117188 11
1731937061053 0.7042132019996643 12
1731937061072 0.6684870719909668 13
1731937061093 0.63714599609375 14
1731937061115 0.6250410676002502 15
1731937061133 0.611693263053894 16
1731937061157 0.5969269275665283 17
1731937061189 0.5805152058601379 18
1731937061215 0.5621490478515625 19
1731937061241 0.5413669347763062 20
1731937061265 0.5173545479774475 21
1731937061286 0.48785388469696045 22
1731937061309 0.4672465920448303 23
1731937061331 0.45120832324028015 24
1731937061351 0.43342435359954834 25
1731937061374 0.41360849142074585 26
1731937061397 0.39139214158058167 27
1731937061421 0.36628472805023193 28
1731937061441 0.3376063406467438 29
1731937061468 0.3043621778488159 30
1731937061492 0.26497888565063477 31
1731937061513 0.2166498899459839 32
1731937061532 0.15314209461212158 33
1731937061556 0.051459573209285736 34
1731937061577 0.02823454886674881 35
1731937061601 -0.0 36
1731937061621 -0.0 37
