1731937060763 2.0550365447998047 0
1731937060811 2.0550365447998047 1
1731937060834 2.0550365447998047 2
1731937060857 2.0550365447998047 3
1731937060878 2.0550365447998047 4
1731937060901 2.0550365447998047 5
1731937060926 2.0550365447998047 6
1731937060947 2.0550365447998047 7
1731937060971 2.0550365447998047 8
1731937060993 2.0550365447998047 9
1731937061015 2.0550365447998047 10
1731937061034 2.0550365447998047 11
1731937061055 2.0550365447998047 12
1731937061076 2.0550365447998047 13
1731937061095 2.0550365447998047 14
1731937061117 2.0550365447998047 15
1731937061137 2.0550365447998047 16
1731937061159 2.0550365447998047 17
1731937061192 2.0550365447998047 18
1731937061219 2.0550365447998047 19
1731937061243 2.0550365447998047 20
1731937061267 2.0550365447998047 21
1731937061288 2.0550365447998047 22
1731937061311 2.0550365447998047 23
1731937061333 2.0550365447998047 24
1731937061355 2.0550365447998047 25
1731937061376 2.0550365447998047 26
1731937061399 2.0550365447998047 27
1731937061423 2.0550365447998047 28
1731937061446 2.0550365447998047 29
1731937061470 2.0550365447998047 30
1731937061494 2.0550365447998047 31
1731937061516 2.0550365447998047 32
1731937061535 2.0550365447998047 33
1731937061557 2.0550365447998047 34
1731937061579 2.0550365447998047 35
1731937061603 2.0550365447998047 36
1731937061623 2.0550365447998047 37
