1731937060768 0.0 0
1731937060815 0.0 1
1731937060838 0.0 2
1731937060861 0.0 3
1731937060883 0.0 4
1731937060906 0.0 5
1731937060930 0.0 6
1731937060954 0.0 7
1731937060975 0.0 8
1731937060997 0.0 9
1731937061020 0.0 10
1731937061038 0.0 11
1731937061059 0.0 12
1731937061081 0.0 13
1731937061099 0.0 14
1731937061120 0.0 15
1731937061142 0.0 16
1731937061164 0.0 17
1731937061199 0.0 18
1731937061224 0.0 19
1731937061248 0.0 20
1731937061271 0.0 21
1731937061295 0.0 22
1731937061315 0.0 23
1731937061336 0.0 24
1731937061360 0.0 25
1731937061381 0.0 26
1731937061404 0.0 27
1731937061427 0.0 28
1731937061451 0.0 29
1731937061477 0.0 30
1731937061498 0.0 31
1731937061520 0.0 32
1731937061542 0.0 33
1731937061561 0.0 34
1731937061585 0.0 35
1731937061608 0.0 36
1731937061628 0.0 37
