1731937690998 0.22438883781433105 0
1731937691031 0.21675419807434082 1
1731937691056 0.20584893226623535 2
1731937691079 0.19008636474609375 3
1731937691102 0.1694331169128418 4
1731937691124 0.1384267807006836 5
1731937691143 0.08503842353820801 6
1731937691165 0.035221099853515625 7
1731937691191 0.013355255126953125 8
1731937691215 -0.016130924224853516 9
1731937691238 -0.06129348278045654 10
1731937691261 -0.1257253885269165 11
1731937691291 -0.138685941696167 12
1731937691316 -0.14045321941375732 13
1731937691340 -0.14238369464874268 14
1731937691360 -0.14449751377105713 15
1731937691384 -0.1468186378479004 16
1731937691407 -0.14937496185302734 17
1731937691429 -0.15220069885253906 18
1731937691449 -0.15533816814422607 19
1731937691471 -0.15883970260620117 20
1731937691495 -0.1627730131149292 21
1731937691515 -0.16722679138183594 22
1731937691539 -0.17202377319335938 23
1731937691562 -0.1759350299835205 24
1731937691587 -0.18019640445709229 25
1731937691611 -0.18485915660858154 26
1731937691633 -0.1899876594543457 27
1731937691655 -0.19566571712493896 28
1731937691677 -0.20200598239898682 29
1731937691697 -0.20916640758514404 30
1731937691720 -0.2173830270767212 31
1731937691741 -0.22703731060028076 32
1731937691761 -0.23882734775543213 33
1731937691785 -0.254345178604126 34
1731937691810 -0.2803964614868164 35
1731937691831 -0.2878228425979614 36
1731937691851 -0.29183459281921387 37
1731937691873 -0.2959398031234741 38
1731937691895 -0.3001437187194824 39
1731937691915 -0.3044508695602417 40
1731937691939 -0.30503666400909424 41
1731937691962 -0.30503666400909424 42
