1731937691001 2e-05 0
1731937691034 0.058351919054985046 1
1731937691060 0.0694923922419548 2
1731937691082 0.08310046792030334 3
1731937691104 0.09222909808158875 4
1731937691127 0.11321371793746948 5
1731937691147 0.14031876623630524 6
1731937691168 0.10995360463857651 7
1731937691193 0.07637033611536026 8
1731937691217 0.08738318830728531 9
1731937691242 0.10461163520812988 10
1731937691264 0.10479173809289932 11
1731937691293 0.025134973227977753 12
1731937691319 0.017037488520145416 13
1731937691343 0.017802193760871887 14
1731937691364 0.018621908500790596 15
1731937691386 0.01950448751449585 16
1731937691410 0.020459404215216637 17
1731937691432 0.02149857208132744 18
1731937691451 0.022637229412794113 19
1731937691474 0.02389533445239067 20
1731937691498 0.025299662724137306 21
1731937691520 0.02688671089708805 22
1731937691542 0.027218274772167206 23
1731937691565 0.025335144251585007 24
1731937691589 0.02642863243818283 25
1731937691614 0.027623802423477173 26
1731937691635 0.028943346813321114 27
1731937691658 0.030418334528803825 28
1731937691679 0.03209356963634491 29
1731937691699 0.03403635323047638 30
1731937691722 0.03635365515947342 31
1731937691744 0.03923054039478302 32
1731937691765 0.043024659156799316 33
1731937691788 0.0485650897026062 34
1731937691812 0.0585562065243721 35
1731937691834 0.026888025924563408 36
1731937691853 0.023709889501333237 37
1731937691875 0.02398248203098774 38
1731937691898 0.02426493540406227 39
1731937691918 0.02455778978765011 40
1731937691942 0.003316891146823764 41
1731937691964 0.0 42
