1731937691004 2e-05 0
1731937691037 -0.007634639739990234 1
1731937691063 -0.010905265808105469 2
1731937691086 -0.0157625675201416 3
1731937691106 -0.020653247833251953 4
1731937691129 -0.031006336212158203 5
1731937691150 -0.053388357162475586 6
1731937691170 -0.04981732368469238 7
1731937691196 -0.0218658447265625 8
1731937691219 -0.02948617935180664 9
1731937691244 -0.04516255855560303 10
1731937691267 -0.06443190574645996 11
1731937691296 -0.012960553169250488 12
1731937691321 -0.001767277717590332 13
1731937691345 -0.0019304752349853516 14
1731937691367 -0.002113819122314453 15
1731937691389 -0.0023211240768432617 16
1731937691412 -0.002556324005126953 17
1731937691434 -0.0028257369995117188 18
1731937691453 -0.0031374692916870117 19
1731937691476 -0.0035015344619750977 20
1731937691500 -0.003933310508728027 21
1731937691522 -0.004453778266906738 22
1731937691544 -0.0047969818115234375 23
1731937691567 -0.003911256790161133 24
1731937691593 -0.004261374473571777 25
1731937691617 -0.004662752151489258 26
1731937691637 -0.00512850284576416 27
1731937691660 -0.005678057670593262 28
1731937691682 -0.0063402652740478516 29
1731937691703 -0.0071604251861572266 30
1731937691724 -0.008216619491577148 31
1731937691746 -0.00965428352355957 32
1731937691768 -0.011790037155151367 33
1731937691790 -0.015517830848693848 34
1731937691814 -0.02605128288269043 35
1731937691836 -0.0074263811111450195 36
1731937691856 -0.004011750221252441 37
1731937691877 -0.004105210304260254 38
1731937691900 -0.004203915596008301 39
1731937691923 -0.004307150840759277 40
1731937691944 -0.0005857944488525391 41
1731937691967 0.0 42
