1731937691014 2.2794253826141357 0
1731937691048 2.2717907428741455 1
1731937691071 2.26088547706604 2
1731937691095 2.2451229095458984 3
1731937691117 2.2244696617126465 4
1731937691136 2.1934633255004883 5
1731937691159 2.1400749683380127 6
1731937691182 2.0902576446533203 7
1731937691204 2.068391799926758 8
1731937691229 2.038905620574951 9
1731937691254 1.9937430620193481 10
1731937691280 1.9293111562728882 11
1731937691309 1.9163506031036377 12
1731937691332 1.9145833253860474 13
1731937691353 1.912652850151062 14
1731937691376 1.9105390310287476 15
1731937691400 1.9082179069519043 16
1731937691420 1.9056615829467773 17
1731937691442 1.9028358459472656 18
1731937691464 1.8996983766555786 19
1731937691485 1.8961968421936035 20
1731937691508 1.8922635316848755 21
1731937691530 1.8878097534179688 22
1731937691555 1.8830127716064453 23
1731937691577 1.8791015148162842 24
1731937691602 1.8748401403427124 25
1731937691626 1.8701773881912231 26
1731937691648 1.865048885345459 27
1731937691668 1.8593708276748657 28
1731937691690 1.8530305624008179 29
1731937691713 1.8458701372146606 30
1731937691732 1.8376535177230835 31
1731937691754 1.827999234199524 32
1731937691777 1.8162091970443726 33
1731937691803 1.8006913661956787 34
1731937691822 1.7746400833129883 35
1731937691845 1.7672137022018433 36
1731937691866 1.7632019519805908 37
1731937691885 1.7590967416763306 38
1731937691909 1.7548928260803223 39
1731937691932 1.750585675239563 40
1731937691955 1.7499998807907104 41
1731937691975 1.7499998807907104 42
