1731937691007 1.5677680969238281 0
1731937691039 1.569231629371643 1
1731937691065 1.5709277391433716 2
1731937691088 1.5729095935821533 3
1731937691108 1.5754586458206177 4
1731937691131 1.5777052640914917 5
1731937691152 1.5786948204040527 6
1731937691172 1.5754328966140747 7
1731937691198 1.57175874710083 8
1731937691222 1.566717505455017 9
1731937691247 1.5595192909240723 10
1731937691271 1.5578705072402954 11
1731937691301 1.558712363243103 12
1731937691323 1.5586646795272827 13
1731937691347 1.5585908889770508 14
1731937691370 1.5584867000579834 15
1731937691391 1.5583463907241821 16
1731937691414 1.5581632852554321 17
1731937691436 1.557929277420044 18
1731937691458 1.5576337575912476 19
1731937691478 1.557263731956482 20
1731937691502 1.556801438331604 21
1731937691524 1.5562242269515991 22
1731937691546 1.5556715726852417 23
1731937691570 1.555812120437622 24
1731937691596 1.555897831916809 25
1731937691619 1.5559178590774536 26
1731937691640 1.5558582544326782 27
1731937691662 1.555700421333313 28
1731937691684 1.5554192066192627 29
1731937691706 1.5549787282943726 30
1731937691726 1.5543267726898193 31
1731937691748 1.5533802509307861 32
1731937691771 1.5519963502883911 33
1731937691793 1.5498911142349243 34
1731937691816 1.5463117361068726 35
1731937691838 1.5494441986083984 36
1731937691860 1.5525301694869995 37
1731937691880 1.555476188659668 38
1731937691902 1.5582786798477173 39
1731937691925 1.5609334707260132 40
1731937691946 1.5612781047821045 41
1731937691969 1.5612781047821045 42
