1731937691010 1.449205994606018 0
1731937691043 1.4227266311645508 1
1731937691067 1.3837820291519165 2
1731937691091 1.3232353925704956 3
1731937691110 1.2601039409637451 4
1731937691133 1.1867674589157104 5
1731937691155 1.054121732711792 6
1731937691174 0.9321783781051636 7
1731937691200 0.8813730478286743 8
1731937691225 0.8098931312561035 9
1731937691249 0.6960815787315369 10
1731937691274 0.549812912940979 11
1731937691304 0.5238248109817505 12
1731937691325 0.5182943344116211 13
1731937691349 0.5122165083885193 14
1731937691372 0.5055205225944519 15
1731937691396 0.4981209337711334 16
1731937691416 0.48991280794143677 17
1731937691438 0.48076385259628296 18
1731937691460 0.4705011248588562 19
1731937691481 0.4588855803012848 20
1731937691504 0.4455539584159851 21
1731937691526 0.4298301935195923 22
1731937691550 0.41159582138061523 23
1731937691572 0.4016728401184082 24
1731937691598 0.3906385004520416 25
1731937691621 0.3783310353755951 26
1731937691644 0.3645493984222412 27
1731937691664 0.34903764724731445 28
1731937691686 0.3314597010612488 29
1731937691709 0.3113563656806946 30
1731937691728 0.2880665063858032 31
1731937691750 0.26056259870529175 32
1731937691773 0.22705039381980896 33
1731937691798 0.18367215991020203 34
1731937691818 0.1153436005115509 35
1731937691840 0.09203213453292847 36
1731937691862 0.07560856640338898 37
1731937691881 0.056936077773571014 38
1731937691904 0.03495283052325249 39
1731937691928 0.005967266857624054 40
1731937691948 -0.0 41
1731937691971 -0.0 42
