1731937691012 2.0550365447998047 0
1731937691046 2.0550365447998047 1
1731937691069 2.0550365447998047 2
1731937691093 2.0550365447998047 3
1731937691112 2.0550365447998047 4
1731937691134 2.0550365447998047 5
1731937691157 2.0550365447998047 6
1731937691179 2.0550365447998047 7
1731937691202 2.0550365447998047 8
1731937691227 2.0550365447998047 9
1731937691252 2.0550365447998047 10
1731937691277 2.0550365447998047 11
1731937691306 2.0550365447998047 12
1731937691328 2.0550365447998047 13
1731937691351 2.0550365447998047 14
1731937691374 2.0550365447998047 15
1731937691398 2.0550365447998047 16
1731937691418 2.0550365447998047 17
1731937691440 2.0550365447998047 18
1731937691462 2.0550365447998047 19
1731937691483 2.0550365447998047 20
1731937691506 2.0550365447998047 21
1731937691528 2.0550365447998047 22
1731937691553 2.0550365447998047 23
1731937691575 2.0550365447998047 24
1731937691600 2.0550365447998047 25
1731937691623 2.0550365447998047 26
1731937691646 2.0550365447998047 27
1731937691666 2.0550365447998047 28
1731937691688 2.0550365447998047 29
1731937691711 2.0550365447998047 30
1731937691730 2.0550365447998047 31
1731937691752 2.0550365447998047 32
1731937691775 2.0550365447998047 33
1731937691800 2.0550365447998047 34
1731937691820 2.0550365447998047 35
1731937691842 2.0550365447998047 36
1731937691864 2.0550365447998047 37
1731937691883 2.0550365447998047 38
1731937691907 2.0550365447998047 39
1731937691930 2.0550365447998047 40
1731937691952 2.0550365447998047 41
1731937691973 2.0550365447998047 42
