1731937691017 0.0 0
1731937691050 0.0 1
1731937691074 0.0 2
1731937691097 0.0 3
1731937691119 0.0 4
1731937691138 0.0 5
1731937691161 0.0 6
1731937691185 0.0 7
1731937691209 0.0 8
1731937691231 0.0 9
1731937691256 0.0 10
1731937691284 0.0 11
1731937691311 0.0 12
1731937691335 0.0 13
1731937691355 0.0 14
1731937691378 0.0 15
1731937691402 0.0 16
1731937691422 0.0 17
1731937691444 0.0 18
1731937691466 0.0 19
1731937691490 0.0 20
1731937691510 0.0 21
1731937691534 0.0 22
1731937691557 0.0 23
1731937691581 0.0 24
1731937691604 0.0 25
1731937691628 0.0 26
1731937691651 0.0 27
1731937691670 0.0 28
1731937691692 0.0 29
1731937691715 0.0 30
1731937691736 0.0 31
1731937691756 0.0 32
1731937691779 0.0 33
1731937691805 0.0 34
1731937691824 0.0 35
1731937691847 0.0 36
1731937691868 0.0 37
1731937691889 0.0 38
1731937691911 0.0 39
1731937691934 0.0 40
1731937691957 0.0 41
1731937691978 0.0 42
