1732014455852 -0.25512194633483887 0
1732014455883 -0.4545133709907532 1
1732014455909 -0.5100146532058716 2
1732014455938 -0.5256765484809875 3
1732014455966 -0.5392788052558899 4
1732014455991 -0.5428573489189148 5
1732014456019 -0.5466949939727783 6
1732014456047 -0.5508631467819214 7
1732014456078 -0.5554590821266174 8
1732014456111 -0.5606212019920349 9
1732014456144 -0.5665539503097534 10
1732014456175 -0.5735741257667542 11
1732014456206 -0.5822076201438904 12
1732014456235 -0.5934280753135681 13
1732014456265 -0.5949690341949463 14
1732014456296 -0.5950114130973816 15
1732014456325 -0.595054566860199 16
1732014456354 -0.595098614692688 17
1732014456385 -0.5951434373855591 18
1732014456414 -0.5951892137527466 19
1732014456444 -0.5952358245849609 20
1732014456478 -0.5952833294868469 21
1732014456506 -0.5953317880630493 22
1732014456533 -0.5953811407089233 23
1732014456557 -0.5954315662384033 24
1732014456581 -0.5954828858375549 25
1732014456611 -0.595535159111023 26
1732014456644 -0.5955885052680969 27
1732014456671 -0.5956429839134216 28
1732014456697 -0.5956984758377075 29
1732014456724 -0.5957551002502441 30
1732014456750 -0.5958127975463867 31
1732014456775 -0.5958717465400696 32
1732014456800 -0.5959318280220032 33
1732014456827 -0.595993161201477 34
1732014456857 -0.5960557460784912 35
1732014456889 -0.5961195826530457 36
1732014456917 -0.5961847305297852 37
1732014456945 -0.5962512493133545 38
1732014456973 -0.596319317817688 39
1732014456999 -0.596388578414917 40
1732014457027 -0.5964593291282654 41
1732014457059 -0.5965316295623779 42
1732014457092 -0.5966055393218994 43
1732014457122 -0.5966809988021851 44
1732014457155 -0.5967581272125244 45
1732014457187 -0.5968368053436279 46
1732014457219 -0.5969172716140747 47
1732014457249 -0.5969995856285095 48
1732014457274 -0.5970836281776428 49
1732014457302 -0.5971696376800537 50
1732014457331 -0.5972574949264526 51
1732014457359 -0.5973474383354187 52
1732014457389 -0.5974393486976624 53
1732014457418 -0.5975334644317627 54
1732014457444 -0.5976298451423645 55
1732014457474 -0.5977282524108887 56
1732014457501 -0.5978291630744934 57
1732014457528 -0.5979325771331787 58
1732014457558 -0.5980383157730103 59
1732014457588 -0.5981466770172119 60
1732014457617 -0.5982577204704285 61
1732014457644 -0.5983716249465942 62
1732014457671 -0.5984883308410645 63
1732014457696 -0.5986080169677734 64
1732014457722 -0.5987308621406555 65
1732014457750 -0.5988568067550659 66
1732014457780 -0.5989861488342285 67
1732014457807 -0.5991189479827881 68
1732014457836 -0.599255383014679 69
1732014457865 -0.5993956327438354 70
1732014457893 -0.5994470715522766 71
1732014457919 -0.5994804501533508 72
1732014457946 -0.5995140671730042 73
1732014457974 -0.5995478630065918 74
1732014457999 -0.5995819568634033 75
1732014458026 -0.599616289138794 76
1732014458052 -0.5996507406234741 77
1732014458078 -0.5996854901313782 78
1732014458103 -0.5997204780578613 79
1732014458128 -0.5997557640075684 80
1732014458156 -0.5997912883758545 81
1732014458181 -0.599826991558075 82
1732014458208 -0.5998629331588745 83
1732014458234 -0.5998992323875427 84
1732014458261 -0.59993577003479 85
1732014458286 -0.5999725461006165 86
1732014458311 -0.600009560585022 87
1732014458341 -0.6000468730926514 88
1732014458369 -0.6000844836235046 89
1732014458399 -0.600122332572937 90
1732014458427 -0.6001604795455933 91
1732014458453 -0.6001989841461182 92
1732014458479 -0.6002376675605774 93
1732014458504 -0.6002766489982605 94
1732014458529 -0.6003161072731018 95
1732014458555 -0.6003558039665222 96
1732014458582 -0.6003956198692322 97
1732014458611 -0.6004359722137451 98
1732014458640 -0.6004765033721924 99
1732014458670 -0.6005173921585083 100
1732014458695 -0.6005586981773376 101
1732014458720 -0.6006003022193909 102
1732014458745 -0.600642204284668 103
1732014458773 -0.600684404373169 104
1732014458799 -0.6007270216941833 105
1732014458826 -0.6007699966430664 106
1732014458851 -0.6008133888244629 107
1732014458878 -0.6008570790290833 108
1732014458908 -0.600901186466217 109
1732014458935 -0.6009456515312195 110
1732014458967 -0.6009904742240906 111
1732014458998 -0.6010357737541199 112
1732014459029 -0.601081371307373 113
1732014459061 -0.6011274456977844 114
1732014459094 -0.6011738777160645 115
1732014459126 -0.6012207865715027 116
1732014459157 -0.6012681722640991 117
1732014459187 -0.6013159155845642 118
1732014459213 -0.6013641357421875 119
1732014459236 -0.6014127731323242 120
1732014459265 -0.6014619469642639 121
1732014459295 -0.6015115976333618 122
1732014459325 -0.6015617251396179 123
1732014459355 -0.6016122102737427 124
1732014459383 -0.6016634106636047 125
1732014459414 -0.6017149686813354 126
1732014459441 -0.6017670631408691 127
1732014459470 -0.6018197536468506 128
1732014459497 -0.6018729209899902 129
1732014459523 -0.6019266843795776 130
1732014459549 -0.601980984210968 131
1732014459575 -0.6020358800888062 132
1732014459603 -0.6020914316177368 133
1732014459630 -0.6021474599838257 134
1732014459659 -0.6022041440010071 135
1732014459689 -0.6022615432739258 136
1732014459719 -0.6023194789886475 137
1732014459748 -0.6023780703544617 138
1732014459776 -0.6024373769760132 139
1732014459805 -0.602497398853302 140
1732014459834 -0.6025580763816833 141
1732014459862 -0.6026195287704468 142
1732014459891 -0.6026816964149475 143
1732014459919 -0.6027446985244751 144
1732014459950 -0.6028082966804504 145
1732014459980 -0.6028728485107422 146
1732014460006 -0.602938175201416 147
1732014460036 -0.6030042767524719 148
1732014460067 -0.6030713319778442 149
1732014460094 -0.6031392216682434 150
1732014460123 -0.603208065032959 151
1732014460156 -0.6032778024673462 152
1732014460187 -0.6033484935760498 153
1732014460217 -0.6034201383590698 154
1732014460247 -0.603492796421051 155
1732014460279 -0.603566586971283 156
1732014460305 -0.6036413908004761 157
1732014460331 -0.6037173867225647 158
1732014460360 -0.6037943959236145 159
1732014460389 -0.6038726568222046 160
1732014460421 -0.6039521098136902 161
1732014460450 -0.6040327548980713 162
1732014460478 -0.6041147708892822 163
1732014460506 -0.6041980981826782 164
1732014460531 -0.6042828559875488 165
1732014460558 -0.6043689846992493 166
1732014460585 -0.6044566631317139 167
1732014460611 -0.6045458316802979 168
1732014460640 -0.604636549949646 169
1732014460670 -0.6047289967536926 170
1732014460698 -0.6048231720924377 171
1732014460722 -0.6049191355705261 172
1732014460748 -0.6050168871879578 173
1732014460778 -0.6051167249679565 174
1732014460804 -0.6052184700965881 175
1732014460833 -0.6053223609924316 176
1732014460863 -0.6054284572601318 177
1732014460892 -0.605536937713623 178
1732014460919 -0.6056478023529053 179
1732014460944 -0.6057611107826233 180
1732014460969 -0.6058772206306458 181
1732014460996 -0.6059961318969727 182
1732014461022 -0.6061179637908936 183
1732014461050 -0.6062428951263428 184
1732014461079 -0.6063711643218994 185
1732014461107 -0.6065030097961426 186
1732014461133 -0.606638491153717 187
1732014461162 -0.6067779660224915 188
1732014461190 -0.6069216728210449 189
1732014461218 -0.6070698499679565 190
1732014461247 -0.6072230339050293 191
1732014461272 -0.6073813438415527 192
1732014461298 -0.6075453162193298 193
1732014461326 -0.6077154278755188 194
1732014461356 -0.6078922748565674 195
1732014461384 -0.6080763339996338 196
1732014461411 -0.6082685589790344 197
1732014461438 -0.6084696650505066 198
1732014461465 -0.6086807250976562 199
1732014461492 -0.6089030504226685 200
1732014461519 -0.6091381907463074 201
1732014461546 -0.6093880534172058 202
1732014461575 -0.6096550226211548 203
1732014461600 -0.6099426746368408 204
1732014461626 -0.6102551221847534 205
1732014461656 -0.6105992794036865 206
1732014461687 -0.6109848022460938 207
1732014461714 -0.6114289164543152 208
1732014461743 -0.6119667291641235 209
1732014461774 -0.6127084493637085 210
1732014461804 -0.6129968166351318 211
1732014461832 -0.6129968166351318 212
