1732014455859 2e-05 0
1732014455889 -0.1993914246559143 1
1732014455916 -0.05550128221511841 2
1732014455945 -0.015661895275115967 3
1732014455972 -0.013602256774902344 4
1732014455998 -0.0035785436630249023 5
1732014456025 -0.0038376450538635254 6
1732014456053 -0.004168152809143066 7
1732014456085 -0.004595935344696045 8
1732014456117 -0.0051621198654174805 9
1732014456150 -0.005932748317718506 10
1732014456182 -0.007020175457000732 11
1732014456212 -0.00863349437713623 12
1732014456241 -0.011220455169677734 13
1732014456272 -0.0015409588813781738 14
1732014456302 -4.2378902435302734e-05 15
1732014456331 -4.315376281738281e-05 16
1732014456360 -4.404783248901367e-05 17
1732014456391 -4.482269287109375e-05 18
1732014456420 -4.57763671875e-05 19
1732014456451 -4.661083221435547e-05 20
1732014456484 -4.750490188598633e-05 21
1732014456512 -4.845857620239258e-05 22
1732014456538 -4.935264587402344e-05 23
1732014456563 -5.042552947998047e-05 24
1732014456587 -5.131959915161133e-05 25
1732014456619 -5.227327346801758e-05 26
1732014456649 -5.334615707397461e-05 27
1732014456676 -5.447864532470703e-05 28
1732014456703 -5.549192428588867e-05 29
1732014456729 -5.6624412536621094e-05 30
1732014456755 -5.7697296142578125e-05 31
1732014456781 -5.894899368286133e-05 32
1732014456807 -6.008148193359375e-05 33
1732014456832 -6.133317947387695e-05 34
1732014456863 -6.258487701416016e-05 35
1732014456896 -6.383657455444336e-05 36
1732014456923 -6.514787673950195e-05 37
1732014456951 -6.651878356933594e-05 38
1732014456978 -6.80685043334961e-05 39
1732014457004 -6.92605972290039e-05 40
1732014457034 -7.075071334838867e-05 41
1732014457065 -7.230043411254883e-05 42
1732014457098 -7.390975952148438e-05 43
1732014457129 -7.545948028564453e-05 44
1732014457160 -7.712841033935547e-05 45
1732014457193 -7.867813110351562e-05 46
1732014457225 -8.046627044677734e-05 47
1732014457254 -8.231401443481445e-05 48
1732014457279 -8.404254913330078e-05 49
1732014457309 -8.600950241088867e-05 50
1732014457337 -8.785724639892578e-05 51
1732014457367 -8.994340896606445e-05 52
1732014457397 -9.191036224365234e-05 53
1732014457424 -9.41157341003418e-05 54
1732014457450 -9.638071060180664e-05 55
1732014457480 -9.840726852416992e-05 56
1732014457507 -0.00010091066360473633 57
1732014457534 -0.00010341405868530273 58
1732014457564 -0.00010573863983154297 59
1732014457594 -0.00010836124420166016 60
1732014457623 -0.00011104345321655273 61
1732014457650 -0.00011390447616577148 62
1732014457677 -0.00011670589447021484 63
1732014457703 -0.00011968612670898438 64
1732014457728 -0.00012284517288208008 65
1732014457756 -0.0001259446144104004 66
1732014457785 -0.00012934207916259766 67
1732014457813 -0.0001327991485595703 68
1732014457842 -0.00013643503189086914 69
1732014457871 -0.00014024972915649414 70
1732014457899 -5.143880844116211e-05 71
1732014457926 -3.337860107421875e-05 72
1732014457952 -3.361701965332031e-05 73
1732014457980 -3.3795833587646484e-05 74
1732014458006 -3.409385681152344e-05 75
1732014458031 -3.4332275390625e-05 76
1732014458057 -3.445148468017578e-05 77
1732014458083 -3.4749507904052734e-05 78
1732014458109 -3.49879264831543e-05 79
1732014458134 -3.528594970703125e-05 80
1732014458161 -3.552436828613281e-05 81
1732014458186 -3.5703182220458984e-05 82
1732014458213 -3.594160079956055e-05 83
1732014458240 -3.629922866821289e-05 84
1732014458266 -3.653764724731445e-05 85
1732014458292 -3.6776065826416016e-05 86
1732014458318 -3.701448440551758e-05 87
1732014458348 -3.731250762939453e-05 88
1732014458375 -3.7610530853271484e-05 89
1732014458405 -3.784894943237305e-05 90
1732014458432 -3.814697265625e-05 91
1732014458459 -3.8504600524902344e-05 92
1732014458485 -3.8683414459228516e-05 93
1732014458510 -3.898143768310547e-05 94
1732014458535 -3.9458274841308594e-05 95
1732014458560 -3.9696693420410156e-05 96
1732014458588 -3.981590270996094e-05 97
1732014458617 -4.035234451293945e-05 98
1732014458646 -4.0531158447265625e-05 99
1732014458675 -4.088878631591797e-05 100
1732014458701 -4.13060188293457e-05 101
1732014458726 -4.1604042053222656e-05 102
1732014458752 -4.190206527709961e-05 103
1732014458778 -4.220008850097656e-05 104
1732014458804 -4.26173210144043e-05 105
1732014458831 -4.297494888305664e-05 106
1732014458858 -4.3392181396484375e-05 107
1732014458884 -4.369020462036133e-05 108
1732014458914 -4.410743713378906e-05 109
1732014458942 -4.4465065002441406e-05 110
1732014458974 -4.482269287109375e-05 111
1732014459005 -4.5299530029296875e-05 112
1732014459035 -4.559755325317383e-05 113
1732014459067 -4.607439041137695e-05 114
1732014459101 -4.64320182800293e-05 115
1732014459132 -4.690885543823242e-05 116
1732014459164 -4.738569259643555e-05 117
1732014459193 -4.774332046508789e-05 118
1732014459218 -4.8220157623291016e-05 119
1732014459243 -4.863739013671875e-05 120
1732014459271 -4.9173831939697266e-05 121
1732014459302 -4.965066909790039e-05 122
1732014459332 -5.0127506256103516e-05 123
1732014459361 -5.048513412475586e-05 124
1732014459390 -5.120038986206055e-05 125
1732014459420 -5.155801773071289e-05 126
1732014459448 -5.2094459533691406e-05 127
1732014459475 -5.269050598144531e-05 128
1732014459503 -5.316734313964844e-05 129
1732014459529 -5.3763389587402344e-05 130
1732014459555 -5.429983139038086e-05 131
1732014459582 -5.4895877838134766e-05 132
1732014459610 -5.555152893066406e-05 133
1732014459635 -5.602836608886719e-05 134
1732014459666 -5.6684017181396484e-05 135
1732014459695 -5.739927291870117e-05 136
1732014459725 -5.793571472167969e-05 137
1732014459754 -5.8591365814208984e-05 138
1732014459782 -5.930662155151367e-05 139
1732014459811 -6.002187728881836e-05 140
1732014459840 -6.0677528381347656e-05 141
1732014459868 -6.145238876342773e-05 142
1732014459897 -6.216764450073242e-05 143
1732014459927 -6.300210952758789e-05 144
1732014459956 -6.35981559753418e-05 145
1732014459986 -6.455183029174805e-05 146
1732014460012 -6.532669067382812e-05 147
1732014460044 -6.61015510559082e-05 148
1732014460074 -6.705522537231445e-05 149
1732014460099 -6.788969039916992e-05 150
1732014460129 -6.884336471557617e-05 151
1732014460162 -6.973743438720703e-05 152
1732014460193 -7.069110870361328e-05 153
1732014460224 -7.164478302001953e-05 154
1732014460253 -7.265806198120117e-05 155
1732014460284 -7.37905502319336e-05 156
1732014460310 -7.480382919311523e-05 157
1732014460337 -7.599592208862305e-05 158
1732014460366 -7.700920104980469e-05 159
1732014460397 -7.826089859008789e-05 160
1732014460427 -7.94529914855957e-05 161
1732014460456 -8.064508438110352e-05 162
1732014460484 -8.20159912109375e-05 163
1732014460512 -8.33272933959961e-05 164
1732014460538 -8.475780487060547e-05 165
1732014460563 -8.612871170043945e-05 166
1732014460590 -8.767843246459961e-05 167
1732014460618 -8.916854858398438e-05 168
1732014460647 -9.071826934814453e-05 169
1732014460676 -9.244680404663086e-05 170
1732014460703 -9.417533874511719e-05 171
1732014460727 -9.59634780883789e-05 172
1732014460755 -9.775161743164062e-05 173
1732014460785 -9.98377799987793e-05 174
1732014460810 -0.0001017451286315918 175
1732014460839 -0.00010389089584350586 176
1732014460869 -0.00010609626770019531 177
1732014460898 -0.00010848045349121094 178
1732014460924 -0.00011086463928222656 179
1732014460949 -0.00011330842971801758 180
1732014460975 -0.00011610984802246094 181
1732014461003 -0.0001189112663269043 182
1732014461027 -0.00012183189392089844 183
1732014461056 -0.00012493133544921875 184
1732014461085 -0.00012826919555664062 185
1732014461112 -0.00013184547424316406 186
1732014461138 -0.0001354813575744629 187
1732014461168 -0.00013947486877441406 188
1732014461196 -0.0001437067985534668 189
1732014461224 -0.0001481771469116211 190
1732014461253 -0.0001531839370727539 191
1732014461279 -0.0001583099365234375 192
1732014461304 -0.0001639723777770996 193
1732014461332 -0.00017011165618896484 194
1732014461362 -0.00017684698104858398 195
1732014461389 -0.00018405914306640625 196
1732014461416 -0.00019222497940063477 197
1732014461443 -0.00020110607147216797 198
1732014461471 -0.0002110600471496582 199
1732014461499 -0.00022232532501220703 200
1732014461527 -0.00023514032363891602 201
1732014461552 -0.0002498626708984375 202
1732014461580 -0.0002669692039489746 203
1732014461605 -0.00028765201568603516 204
1732014461632 -0.00031244754791259766 205
1732014461662 -0.00034415721893310547 206
1732014461692 -0.00038552284240722656 207
1732014461720 -0.00044411420822143555 208
1732014461750 -0.0005378127098083496 209
1732014461780 -0.0007417201995849609 210
1732014461810 -0.00028836727142333984 211
1732014461837 0.0 212
