1732014455856 2e-05 0
1732014455886 0.31476694345474243 1
1732014455913 0.1165517196059227 2
1732014455942 0.05780833214521408 3
1732014455969 0.04229951649904251 4
1732014455994 0.028125198557972908 5
1732014456022 0.029076632112264633 6
1732014456050 0.030237235128879547 7
1732014456081 0.031668249517679214 8
1732014456114 0.03345469757914543 9
1732014456147 0.03571920469403267 10
1732014456179 0.03864800184965134 11
1732014456208 0.04254567623138428 12
1732014456238 0.047964826226234436 13
1732014456269 0.006594519130885601 14
1732014456299 0.003051603212952614 15
1732014456328 0.0030804132111370564 16
1732014456357 0.0031096013262867928 17
1732014456388 0.00313910492695868 18
1732014456417 0.003168966621160507 19
1732014456447 0.0031992378644645214 20
1732014456481 0.0032298846635967493 21
1732014456509 0.0032609589397907257 22
1732014456535 0.0032924271654337645 23
1732014456560 0.0033243587240576744 24
1732014456584 0.0033566730562597513 25
1732014456614 0.0033894001971930265 26
1732014456646 0.0034226016141474247 27
1732014456674 0.0034563017543405294 28
1732014456700 0.003490438684821129 29
1732014456726 0.003525032661855221 30
1732014456753 0.003560177516192198 31
1732014456778 0.0035957570653408766 32
1732014456804 0.00363190402276814 33
1732014456829 0.0036685974337160587 34
1732014456860 0.0037057807203382254 35
1732014456893 0.0037435940466821194 36
1732014456920 0.0037819466087967157 37
1732014456948 0.003820905229076743 38
1732014456976 0.003860454075038433 39
1732014457002 0.003900654846802354 40
1732014457031 0.003941461909562349 41
1732014457062 0.003982980735599995 42
1732014457095 0.004025174770504236 43
1732014457126 0.0040681008249521255 44
1732014457158 0.0041116876527667046 45
1732014457190 0.004156066570430994 46
1732014457222 0.004201244562864304 47
1732014457252 0.004247209057211876 48
1732014457277 0.004293976817280054 49
1732014457306 0.004341636318713427 50
1732014457334 0.004390167072415352 51
1732014457363 0.004439655225723982 52
1732014457393 0.0044900402426719666 53
1732014457420 0.0045414878986775875 54
1732014457447 0.004593942314386368 55
1732014457477 0.004647423513233662 56
1732014457504 0.004702067002654076 57
1732014457531 0.004757860209792852 58
1732014457561 0.004814816638827324 59
1732014457591 0.004873103462159634 60
1732014457620 0.0049326373264193535 61
1732014457647 0.004993585869669914 62
1732014457674 0.0050559695810079575 63
1732014457700 0.005119870416820049 64
1732014457725 0.0051853409968316555 65
1732014457753 0.00525243952870369 66
1732014457783 0.005321333184838295 67
1732014457810 0.005391987040638924 68
1732014457839 0.005464658141136169 69
1732014457868 0.005539266858249903 70
1732014457896 0.002820543712005019 71
1732014457923 0.002709705149754882 72
1732014457949 0.0027186402585357428 73
1732014457977 0.002727743936702609 74
1732014458003 0.0027369321323931217 75
1732014458029 0.0027462043799459934 76
1732014458055 0.002755560912191868 77
1732014458081 0.002765001729130745 78
1732014458106 0.002774505876004696 79
1732014458131 0.0027840943075716496 80
1732014458158 0.002793830120936036 81
1732014458184 0.0028036716394126415 82
1732014458211 0.002813618164509535 83
1732014458237 0.002823607064783573 84
1732014458264 0.002833722159266472 85
1732014458290 0.0028439639136195183 86
1732014458314 0.0028542899526655674 87
1732014458344 0.0028647633735090494 88
1732014458373 0.0028752791695296764 89
1732014458402 0.002885963302105665 90
1732014458430 0.002896752906963229 91
1732014458456 0.002907626796513796 92
1732014458482 0.002918669255450368 93
1732014458507 0.0029297959990799427 94
1732014458532 0.0029410282149910927 95
1732014458558 0.002952449955046177 96
1732014458585 0.002963935025036335 97
1732014458614 0.0029755886644124985 98
1732014458644 0.0029873475432395935 99
1732014458672 0.002999254036694765 100
1732014458698 0.0030113712418824434 101
1732014458723 0.0030235517770051956 102
1732014458748 0.0030358375515788794 103
1732014458775 0.0030483128502964973 104
1732014458801 0.0030609569512307644 105
1732014458829 0.003073769621551037 106
1732014458854 0.003086666576564312 107
1732014458881 0.0030998163856565952 108
1732014458911 0.003113050479441881 109
1732014458939 0.003126474330201745 110
1732014458971 0.003140087705105543 111
1732014459002 0.003153848694637418 112
1732014459032 0.003167820395901799 113
1732014459064 0.0031819394789636135 114
1732014459097 0.0031962695065885782 115
1732014459129 0.003210746916010976 116
1732014459160 0.0032254771795123816 117
1732014459190 0.003240355057641864 118
1732014459215 0.003255485789850354 119
1732014459240 0.003270827466621995 120
1732014459268 0.0032862951047718525 121
1732014459299 0.0033021001145243645 122
1732014459328 0.0033180105965584517 123
1732014459357 0.003334300359711051 124
1732014459386 0.003350674407556653 125
1732014459417 0.003367364639416337 126
1732014459444 0.0033843074925243855 127
1732014459473 0.0034015036653727293 128
1732014459500 0.003418931271880865 129
1732014459526 0.0034366752952337265 130
1732014459552 0.0034546717070043087 131
1732014459579 0.0034729214385151863 132
1732014459606 0.0034914659336209297 133
1732014459633 0.003510326612740755 134
1732014459663 0.0035295034758746624 135
1732014459692 0.0035489543806761503 136
1732014459722 0.0035688055213540792 137
1732014459751 0.0035889095161110163 138
1732014459779 0.003609434934332967 139
1732014459808 0.003630234394222498 140
1732014459837 0.003651497419923544 141
1732014459865 0.0036730768624693155 142
1732014459894 0.003695035120472312 143
1732014459923 0.003717436222359538 144
1732014459953 0.0037402589805424213 145
1732014459983 0.0037634186446666718 146
1732014460009 0.0037871261592954397 147
1732014460039 0.0038112446200102568 148
1732014460070 0.0038358583115041256 149
1732014460096 0.0038609253242611885 150
1732014460126 0.0038865399546921253 151
1732014460159 0.003912660758942366 152
1732014460190 0.003939308226108551 153
1732014460220 0.003966576885432005 154
1732014460250 0.003994414582848549 155
1732014460281 0.004022853448987007 156
1732014460308 0.004051913972944021 157
1732014460334 0.00408164830878377 158
1732014460363 0.004112035967409611 159
1732014460393 0.004143193364143372 160
1732014460424 0.0041750771924853325 161
1732014460454 0.004207709804177284 162
1732014460481 0.0042412057518959045 163
1732014460509 0.004275491926819086 164
1732014460535 0.0043107373639941216 165
1732014460561 0.004346815403550863 166
1732014460588 0.004383925348520279 167
1732014460615 0.0044220685958862305 168
1732014460643 0.004461244214326143 169
1732014460673 0.0045015993528068066 170
1732014460701 0.004543093033134937 171
1732014460725 0.00458583002910018 172
1732014460752 0.004629915580153465 173
1732014460782 0.00467537110671401 174
1732014460807 0.004722364712506533 175
1732014460836 0.004770833533257246 176
1732014460865 0.004821020178496838 177
1732014460894 0.004872881807386875 178
1732014460922 0.004926692694425583 179
1732014460947 0.004982505459338427 180
1732014460972 0.005040415562689304 181
1732014461000 0.005100632552057505 182
1732014461025 0.0051633259281516075 183
1732014461053 0.00522865355014801 184
1732014461082 0.005296847317367792 185
1732014461110 0.005368096753954887 186
1732014461136 0.005442722700536251 187
1732014461164 0.005520999897271395 188
1732014461193 0.005603265482932329 189
1732014461221 0.005689887795597315 190
1732014461250 0.005781357176601887 191
1732014461276 0.005878152325749397 192
1732014461301 0.005980880465358496 193
1732014461329 0.006090235430747271 194
1732014461359 0.006207119207829237 195
1732014461387 0.006332390010356903 196
1732014461414 0.006467354949563742 197
1732014461440 0.006613456644117832 198
1732014461468 0.006772561464458704 199
1732014461496 0.006946906913071871 200
1732014461523 0.007139576133340597 201
1732014461549 0.007354393135756254 202
1732014461578 0.0075967269949615 203
1732014461603 0.007874022237956524 204
1732014461629 0.008197127841413021 205
1732014461659 0.008582779206335545 206
1732014461690 0.00905871856957674 207
1732014461717 0.00967592466622591 208
1732014461747 0.01054470520466566 209
1732014461777 0.011984642595052719 210
1732014461807 0.003325960598886013 211
1732014461835 0.0 212
