1732014455871 1.4424787759780884 0
1732014455899 1.4294277429580688 1
1732014455928 1.4255897998809814 2
1732014455956 1.4227100610733032 3
1732014455981 1.4198734760284424 4
1732014456009 1.420327067375183 5
1732014456037 1.4207980632781982 6
1732014456066 1.421290397644043 7
1732014456099 1.4218080043792725 8
1732014456130 1.4223566055297852 9
1732014456163 1.422943353652954 10
1732014456194 1.4235769510269165 11
1732014456224 1.4242714643478394 12
1732014456253 1.4250459671020508 13
1732014456285 1.425101399421692 14
1732014456313 1.4250574111938477 15
1732014456343 1.4250127077102661 16
1732014456371 1.4249671697616577 17
1732014456402 1.4249207973480225 18
1732014456431 1.4248735904693604 19
1732014456465 1.424825668334961 20
1732014456495 1.4247766733169556 21
1732014456521 1.4247268438339233 22
1732014456547 1.4246760606765747 23
1732014456572 1.4246244430541992 24
1732014456598 1.4245718717575073 25
1732014456632 1.4245182275772095 26
1732014456660 1.4244638681411743 27
1732014456687 1.4244083166122437 28
1732014456713 1.4243518114089966 29
1732014456738 1.424294114112854 30
1732014456764 1.4242353439331055 31
1732014456790 1.42417573928833 32
1732014456817 1.4241148233413696 33
1732014456843 1.4240528345108032 34
1732014456875 1.4239895343780518 35
1732014456907 1.4239251613616943 36
1732014456934 1.4238595962524414 37
1732014456962 1.4237927198410034 38
1732014456988 1.42372465133667 39
1732014457014 1.4236551523208618 40
1732014457045 1.423584222793579 41
1732014457077 1.4235121011734009 42
1732014457109 1.423438549041748 43
1732014457142 1.423363447189331 44
1732014457172 1.4232871532440186 45
1732014457204 1.4232090711593628 46
1732014457237 1.423129677772522 47
1732014457263 1.4230486154556274 48
1732014457291 1.4229657649993896 49
1732014457320 1.4228814840316772 50
1732014457349 1.422795295715332 51
1732014457377 1.4227075576782227 52
1732014457407 1.422617793083191 53
1732014457434 1.4225263595581055 54
1732014457463 1.4224330186843872 55
1732014457491 1.4223377704620361 56
1732014457517 1.4222404956817627 57
1732014457546 1.4221410751342773 58
1732014457574 1.4220396280288696 59
1732014457604 1.4219359159469604 60
1732014457632 1.421830177307129 61
1732014457660 1.4217220544815063 62
1732014457687 1.4216114282608032 63
1732014457713 1.4214985370635986 64
1732014457739 1.421383023262024 65
1732014457768 1.421264886856079 66
1732014457797 1.4211442470550537 67
1732014457824 1.4210206270217896 68
1732014457852 1.4208942651748657 69
1732014457881 1.4207649230957031 70
1732014457908 1.4207119941711426 71
1732014457936 1.4206743240356445 72
1732014457962 1.420636534690857 73
1732014457989 1.4205983877182007 74
1732014458016 1.4205598831176758 75
1732014458041 1.4205210208892822 76
1732014458067 1.4204820394515991 77
1732014458093 1.4204425811767578 78
1732014458118 1.4204027652740479 79
1732014458146 1.4203628301620483 80
1732014458171 1.4203224182128906 81
1732014458197 1.4202817678451538 82
1732014458222 1.4202406406402588 83
1732014458250 1.4201992750167847 84
1732014458276 1.4201576709747314 85
1732014458301 1.4201157093048096 86
1732014458330 1.42007315158844 87
1732014458359 1.4200303554534912 88
1732014458388 1.4199872016906738 89
1732014458417 1.4199438095092773 90
1732014458442 1.4198999404907227 91
1732014458468 1.4198555946350098 92
1732014458493 1.4198108911514282 93
1732014458519 1.4197659492492676 94
1732014458545 1.4197204113006592 95
1732014458571 1.4196745157241821 96
1732014458600 1.419628381729126 97
1732014458628 1.4195815324783325 98
1732014458659 1.41953444480896 99
1732014458684 1.4194869995117188 100
1732014458710 1.4194389581680298 101
1732014458735 1.4193904399871826 102
1732014458763 1.4193415641784668 103
1732014458789 1.4192922115325928 104
1732014458815 1.4192423820495605 105
1732014458840 1.419191837310791 106
1732014458867 1.4191410541534424 107
1732014458896 1.4190897941589355 108
1732014458925 1.4190378189086914 109
1732014458955 1.4189854860305786 110
1732014458984 1.4189326763153076 111
1732014459017 1.4188792705535889 112
1732014459047 1.4188252687454224 113
1732014459079 1.418770670890808 114
1732014459112 1.4187155961990356 115
1732014459145 1.4186599254608154 116
1732014459174 1.4186036586761475 117
1732014459202 1.4185466766357422 118
1732014459226 1.4184892177581787 119
1732014459254 1.418431043624878 120
1732014459283 1.4183722734451294 121
1732014459313 1.418312907218933 122
1732014459343 1.41825270652771 123
1732014459372 1.418191909790039 124
1732014459402 1.4181303977966309 125
1732014459431 1.418068289756775 126
1732014459460 1.418005347251892 127
1732014459486 1.417941689491272 128
1732014459512 1.4178773164749146 129
1732014459538 1.4178119897842407 130
1732014459564 1.4177460670471191 131
1732014459593 1.4176793098449707 132
1732014459620 1.4176117181777954 133
1732014459647 1.4175431728363037 134
1732014459679 1.4174737930297852 135
1732014459707 1.4174034595489502 136
1732014459737 1.417332410812378 137
1732014459766 1.4172602891921997 138
1732014459792 1.417187213897705 139
1732014459822 1.4171133041381836 140
1732014459849 1.4170382022857666 141
1732014459879 1.4169620275497437 142
1732014459909 1.4168848991394043 143
1732014459939 1.416806697845459 144
1732014459968 1.4167274236679077 145
1732014459996 1.416646957397461 146
1732014460024 1.4165652990341187 147
1732014460055 1.4164824485778809 148
1732014460084 1.416398286819458 149
1732014460112 1.41631281375885 150
1732014460142 1.4162262678146362 151
1732014460176 1.4161380529403687 152
1732014460205 1.4160486459732056 153
1732014460236 1.4159576892852783 154
1732014460265 1.415865421295166 155
1732014460295 1.4157713651657104 156
1732014460321 1.4156758785247803 157
1732014460347 1.415578842163086 158
1732014460376 1.4154798984527588 159
1732014460408 1.4153794050216675 160
1732014460437 1.4152770042419434 161
1732014460467 1.4151726961135864 162
1732014460495 1.4150665998458862 163
1732014460521 1.4149584770202637 164
1732014460548 1.4148482084274292 165
1732014460575 1.4147356748580933 166
1732014460601 1.414621114730835 167
1732014460629 1.4145041704177856 168
1732014460659 1.4143848419189453 169
1732014460687 1.4142630100250244 170
1732014460712 1.4141383171081543 171
1732014460737 1.4140112400054932 172
1732014460766 1.4138811826705933 173
1732014460794 1.413748025894165 174
1732014460823 1.4136120080947876 175
1732014460851 1.4134724140167236 176
1732014460880 1.4133296012878418 177
1732014460908 1.4131832122802734 178
1732014460933 1.4130330085754395 179
1732014460958 1.4128787517547607 180
1732014460985 1.4127204418182373 181
1732014461012 1.4125577211380005 182
1732014461039 1.4123902320861816 183
1732014461067 1.4122177362442017 184
1732014461096 1.4120402336120605 185
1732014461123 1.4118571281433105 186
1732014461148 1.411668062210083 187
1732014461178 1.4114724397659302 188
1732014461205 1.4112701416015625 189
1732014461236 1.4110605716705322 190
1732014461262 1.4108431339263916 191
1732014461288 1.4106172323226929 192
1732014461315 1.4103820323944092 193
1732014461345 1.4101369380950928 194
1732014461373 1.409880518913269 195
1732014461399 1.4096122980117798 196
1732014461426 1.4093304872512817 197
1732014461453 1.4090337753295898 198
1732014461481 1.4087204933166504 199
1732014461509 1.4083880186080933 200
1732014461536 1.4080339670181274 201
1732014461564 1.4076547622680664 202
1732014461590 1.4072458744049072 203
1732014461615 1.4068015813827515 204
1732014461642 1.4063136577606201 205
1732014461674 1.4057704210281372 206
1732014461702 1.4051532745361328 207
1732014461731 1.4044311046600342 208
1732014461762 1.4035382270812988 209
1732014461791 1.4022648334503174 210
1732014461821 1.4017468690872192 211
1732014461848 1.4017468690872192 212
