1732014455862 1.4964098930358887 0
1732014455892 1.4881677627563477 1
1732014455919 1.450256586074829 2
1732014455948 1.4215526580810547 3
1732014455975 1.3976283073425293 4
1732014456000 1.387607455253601 5
1732014456027 1.3768339157104492 6
1732014456056 1.3652094602584839 7
1732014456088 1.3526041507720947 8
1732014456120 1.338840126991272 9
1732014456153 1.3236663341522217 10
1732014456185 1.3067114353179932 11
1732014456215 1.28739333152771 12
1732014456243 1.2647230625152588 13
1732014456275 1.2615147829055786 14
1732014456304 1.261094331741333 15
1732014456334 1.260667085647583 16
1732014456363 1.2602330446243286 17
1732014456394 1.2597919702529907 18
1732014456422 1.2593437433242798 19
1732014456453 1.2588882446289062 20
1732014456487 1.258424997329712 21
1732014456514 1.2579543590545654 22
1732014456540 1.2574756145477295 23
1732014456565 1.2569888830184937 24
1732014456590 1.2564940452575684 25
1732014456622 1.2559906244277954 26
1732014456652 1.2554786205291748 27
1732014456679 1.254957914352417 28
1732014456705 1.2544279098510742 29
1732014456731 1.2538886070251465 30
1732014456757 1.2533398866653442 31
1732014456783 1.2527812719345093 32
1732014456810 1.2522127628326416 33
1732014456835 1.251633882522583 34
1732014456867 1.251044511795044 35
1732014456899 1.2504441738128662 36
1732014456925 1.2498326301574707 37
1732014456954 1.2492098808288574 38
1732014456981 1.2485750913619995 39
1732014457007 1.2479283809661865 40
1732014457037 1.2472691535949707 41
1732014457068 1.2465972900390625 42
1732014457101 1.2459120750427246 43
1732014457132 1.245213508605957 44
1732014457163 1.2445008754730225 45
1732014457196 1.2437736988067627 46
1732014457228 1.2430319786071777 47
1732014457257 1.2422748804092407 48
1732014457282 1.241502046585083 49
1732014457312 1.2407130002975464 50
1732014457340 1.2399072647094727 51
1732014457370 1.239084243774414 52
1732014457400 1.2382432222366333 53
1732014457427 1.2373837232589722 54
1732014457453 1.2365052700042725 55
1732014457482 1.2356069087982178 56
1732014457509 1.2346880435943604 57
1732014457537 1.2337480783462524 58
1732014457567 1.2327861785888672 59
1732014457596 1.2318012714385986 60
1732014457625 1.2307929992675781 61
1732014457652 1.2297601699829102 62
1732014457680 1.2287018299102783 63
1732014457706 1.2276170253753662 64
1732014457731 1.2265045642852783 65
1732014457759 1.2253634929656982 66
1732014457788 1.2241923809051514 67
1732014457816 1.2229902744293213 68
1732014457845 1.2217555046081543 69
1732014457874 1.2204868793487549 70
1732014457901 1.2206804752349854 71
1732014457929 1.2211716175079346 72
1732014457955 1.221662998199463 73
1732014457982 1.2221546173095703 74
1732014458008 1.2226463556289673 75
1732014458033 1.223138451576233 76
1732014458060 1.223630666732788 77
1732014458086 1.224123239517212 78
1732014458111 1.2246160507202148 79
1732014458138 1.2251091003417969 80
1732014458163 1.225602388381958 81
1732014458189 1.2260959148406982 82
1732014458216 1.2265897989273071 83
1732014458242 1.2270839214324951 84
1732014458269 1.2275782823562622 85
1732014458295 1.228073000907898 86
1732014458322 1.2285679578781128 87
1732014458351 1.2290632724761963 88
1732014458378 1.2295587062835693 89
1732014458408 1.2300546169281006 90
1732014458435 1.230550765991211 91
1732014458461 1.23104727268219 92
1732014458487 1.2315442562103271 93
1732014458512 1.232041358947754 94
1732014458538 1.2325389385223389 95
1732014458563 1.233036756515503 96
1732014458591 1.2335349321365356 97
1732014458619 1.2340335845947266 98
1732014458649 1.2345325946807861 99
1732014458677 1.2350319623947144 100
1732014458703 1.2355315685272217 101
1732014458728 1.2360317707061768 102
1732014458755 1.236532211303711 103
1732014458782 1.2370332479476929 104
1732014458806 1.2375346422195435 105
1732014458833 1.2380363941192627 106
1732014458860 1.2385386228561401 107
1732014458887 1.2390413284301758 108
1732014458917 1.23954439163208 109
1732014458945 1.2400479316711426 110
1732014458976 1.2405519485473633 111
1732014459008 1.2410565614700317 112
1732014459038 1.2415615320205688 113
1732014459071 1.2420670986175537 114
1732014459104 1.2425730228424072 115
1732014459135 1.243079662322998 116
1732014459167 1.243586778640747 117
1732014459195 1.2440943717956543 118
1732014459220 1.2446026802062988 119
1732014459246 1.245111346244812 120
1732014459274 1.2456207275390625 121
1732014459305 1.2461305856704712 122
1732014459335 1.2466410398483276 123
1732014459365 1.247152328491211 124
1732014459394 1.2476640939712524 125
1732014459423 1.2481764554977417 126
1732014459451 1.2486895322799683 127
1732014459478 1.2492032051086426 128
1732014459505 1.2497175931930542 129
1732014459531 1.2502328157424927 130
1732014459557 1.250748634338379 131
1732014459584 1.251265287399292 132
1732014459612 1.2517825365066528 133
1732014459638 1.252300500869751 134
1732014459669 1.2528194189071655 135
1732014459698 1.2533390522003174 136
1732014459728 1.253859519958496 137
1732014459757 1.254380702972412 138
1732014459785 1.254902958869934 139
1732014459813 1.2554259300231934 140
1732014459842 1.2559499740600586 141
1732014459871 1.2564747333526611 142
1732014459900 1.25700044631958 143
1732014459930 1.2575271129608154 144
1732014459959 1.2580548524856567 145
1732014459989 1.2585835456848145 146
1732014460015 1.2591133117675781 147
1732014460047 1.2596440315246582 148
1732014460076 1.2601760625839233 149
1732014460102 1.2607089281082153 150
1732014460132 1.2612431049346924 151
1732014460166 1.261778473854065 152
1732014460197 1.2623149156570435 153
1732014460227 1.2628527879714966 154
1732014460256 1.2633917331695557 155
1732014460288 1.2639319896697998 156
1732014460313 1.2644736766815186 157
1732014460339 1.265016794204712 158
1732014460369 1.2655613422393799 159
1732014460400 1.266107201576233 160
1732014460429 1.2666547298431396 161
1732014460459 1.2672038078308105 162
1732014460487 1.267754316329956 163
1732014460514 1.2683064937591553 164
1732014460541 1.2688605785369873 165
1732014460567 1.269416332244873 166
1732014460593 1.2699737548828125 167
1732014460621 1.2705332040786743 168
1732014460650 1.271094560623169 169
1732014460679 1.271657943725586 170
1732014460705 1.2722233533859253 171
1732014460730 1.2727909088134766 172
1732014460758 1.2733608484268188 173
1732014460787 1.2739330530166626 174
1732014460814 1.2745076417922974 175
1732014460842 1.2750848531723022 176
1732014460871 1.2756644487380981 177
1732014460900 1.2762470245361328 178
1732014460927 1.2768322229385376 179
1732014460952 1.2774206399917603 180
1732014460977 1.2780120372772217 181
1732014461005 1.278606653213501 182
1732014461031 1.2792046070098877 183
1732014461059 1.27980637550354 184
1732014461087 1.280411720275879 185
1732014461115 1.281021237373352 186
1732014461140 1.2816346883773804 187
1732014461170 1.2822527885437012 188
1732014461198 1.2828755378723145 189
1732014461227 1.2835031747817993 190
1732014461255 1.2841362953186035 191
1732014461281 1.2847750186920166 192
1732014461307 1.2854197025299072 193
1732014461335 1.2860709428787231 194
1732014461365 1.286729335784912 195
1732014461392 1.2873954772949219 196
1732014461419 1.288069725036621 197
1732014461445 1.2887532711029053 198
1732014461473 1.2894468307495117 199
1732014461502 1.290151596069336 200
1732014461529 1.2908687591552734 201
1732014461555 1.2916001081466675 202
1732014461583 1.2923475503921509 203
1732014461608 1.2931139469146729 204
1732014461635 1.2939026355743408 205
1732014461665 1.2947185039520264 206
1732014461695 1.2955687046051025 207
1732014461723 1.2964643239974976 208
1732014461753 1.2974257469177246 209
1732014461782 1.2985002994537354 210
1732014461813 1.2987949848175049 211
1732014461839 1.2987949848175049 212
