1732014455865 1.2110810279846191 0
1732014455894 0.7940589189529419 1
1732014455922 0.6299473643302917 2
1732014455951 0.5560706853866577 3
1732014455977 0.4853588938713074 4
1732014456004 0.47303617000579834 5
1732014456030 0.45960745215415955 6
1732014456059 0.4448466897010803 7
1732014456091 0.42842644453048706 8
1732014456123 0.4098520874977112 9
1732014456156 0.38833147287368774 10
1732014456188 0.3624773323535919 11
1732014456218 0.32942861318588257 12
1732014456246 0.2794913351535797 13
1732014456278 0.2686787247657776 14
1732014456307 0.26753002405166626 15
1732014456336 0.2663586437702179 16
1732014456365 0.2651638686656952 17
1732014456396 0.2639451324939728 18
1732014456425 0.26270177960395813 19
1732014456456 0.26143312454223633 20
1732014456490 0.2601384222507477 21
1732014456517 0.2588169574737549 22
1732014456543 0.25746798515319824 23
1732014456567 0.2560906708240509 24
1732014456593 0.254684180021286 25
1732014456625 0.2532476484775543 26
1732014456655 0.2517801523208618 27
1732014456682 0.2502807378768921 28
1732014456707 0.24874840676784515 29
1732014456734 0.24718210101127625 30
1732014456760 0.2455807328224182 31
1732014456785 0.24394312500953674 32
1732014456812 0.24226811528205872 33
1732014456838 0.24055437743663788 34
1732014456870 0.23880061507225037 35
1732014456902 0.237005352973938 36
1732014456929 0.23516711592674255 37
1732014456956 0.23328432440757751 38
1732014456983 0.23135529458522797 39
1732014457009 0.22937826812267303 40
1732014457039 0.2273513525724411 41
1732014457071 0.2252725064754486 42
1732014457103 0.22313961386680603 43
1732014457136 0.22095030546188354 44
1732014457166 0.21870221197605133 45
1732014457198 0.2163926661014557 46
1732014457231 0.21401876211166382 47
1732014457259 0.21157750487327576 48
1732014457285 0.2090655267238617 49
1732014457315 0.20647922158241272 50
1732014457343 0.20381462574005127 51
1732014457372 0.20106738805770874 52
1732014457402 0.19823279976844788 53
1732014457429 0.1953054815530777 54
1732014457456 0.192279651761055 55
1732014457486 0.18914872407913208 56
1732014457511 0.18590524792671204 57
1732014457540 0.18254074454307556 58
1732014457570 0.17904552817344666 59
1732014457599 0.17540821433067322 60
1732014457627 0.17161546647548676 61
1732014457655 0.16765117645263672 62
1732014457682 0.16349560022354126 63
1732014457708 0.15912389755249023 64
1732014457734 0.15450361371040344 65
1732014457763 0.1495904177427292 66
1732014457790 0.14431940019130707 67
1732014457818 0.13858510553836823 68
1732014457847 0.13218045234680176 69
1732014457876 0.12441898137331009 70
1732014457903 0.12254410982131958 71
1732014457931 0.12242791056632996 72
1732014457957 0.12230858951807022 73
1732014457985 0.12218610942363739 74
1732014458011 0.12206043303012848 75
1732014458036 0.1219315230846405 76
1732014458062 0.12179934978485107 77
1732014458088 0.12166386097669601 78
1732014458114 0.12152503430843353 79
1732014458141 0.12138282507658005 80
1732014458167 0.12123718857765198 81
1732014458191 0.12108808755874634 82
1732014458218 0.12093548476696014 83
1732014458245 0.12077932059764862 84
1732014458271 0.12061958760023117 85
1732014458297 0.12045620381832123 86
1732014458325 0.120289146900177 87
1732014458354 0.12011834979057312 88
1732014458382 0.1199437826871872 89
1732014458411 0.11976540088653564 90
1732014458437 0.1195831373333931 91
1732014458464 0.11939695477485657 92
1732014458489 0.11920680850744247 93
1732014458515 0.11901262402534485 94
1732014458540 0.1188143789768219 95
1732014458566 0.11861197650432587 96
1732014458594 0.11840540170669556 97
1732014458622 0.1181945726275444 98
1732014458653 0.11797945201396942 99
1732014458679 0.11775994300842285 100
1732014458705 0.1175360232591629 101
1732014458731 0.11730760335922241 102
1732014458758 0.1170746311545372 103
1732014458784 0.11683705449104309 104
1732014458809 0.11659477651119232 105
1732014458836 0.11634774506092072 106
1732014458862 0.1160958856344223 107
1732014458890 0.11583913117647171 108
1732014458919 0.11557739973068237 109
1732014458948 0.11531062424182892 110
1732014458979 0.11503870785236359 111
1732014459011 0.1147615984082222 112
1732014459041 0.1144791916012764 113
1732014459074 0.11419141292572021 114
1732014459106 0.11389817297458649 115
1732014459139 0.11359938234090805 116
1732014459169 0.11329495161771774 117
1732014459197 0.1129847913980484 118
1732014459222 0.11266879737377167 119
1732014459249 0.11234686523675919 120
1732014459277 0.11201891303062439 121
1732014459308 0.11168481409549713 122
1732014459338 0.11134447902441025 123
1732014459367 0.11099778115749359 124
1732014459397 0.1106446236371994 125
1732014459426 0.11028487980365753 126
1732014459455 0.10991843044757843 127
1732014459480 0.10954514145851135 128
1732014459507 0.10916489362716675 129
1732014459533 0.10877756029367447 130
1732014459560 0.10838298499584198 131
1732014459587 0.10798105597496033 132
1732014459615 0.10757161676883698 133
1732014459642 0.10715450346469879 134
1732014459673 0.10672957450151443 135
1732014459700 0.10629667341709137 136
1732014459730 0.10585562139749527 137
1732014459760 0.105406254529953 138
1732014459787 0.10494840145111084 139
1732014459816 0.10448187589645386 140
1732014459844 0.10400647670030594 141
1732014459874 0.10352201759815216 142
1732014459902 0.1030283123254776 143
1732014459933 0.10252511501312256 144
1732014459962 0.10201221704483032 145
1732014459991 0.10148942470550537 146
1732014460018 0.10095645487308502 147
1732014460050 0.10041308403015137 148
1732014460079 0.09985905885696411 149
1732014460106 0.09929412603378296 150
1732014460136 0.09871798753738403 151
1732014460170 0.09813036024570465 152
1732014460200 0.09753096103668213 153
1732014460230 0.09691944718360901 154
1732014460260 0.09629552066326141 155
1732014460290 0.09565882384777069 156
1732014460315 0.09500901401042938 157
1732014460341 0.09434570372104645 158
1732014460371 0.09366852045059204 159
1732014460403 0.09297704696655273 160
1732014460432 0.0922708511352539 161
1732014460461 0.09154949337244034 162
1732014460490 0.09081248939037323 163
1732014460516 0.09005934000015259 164
1732014460543 0.08928954601287842 165
1732014460570 0.08850253373384476 166
1732014460595 0.08769774436950684 167
1732014460623 0.08687452971935272 168
1732014460653 0.08603227138519287 169
1732014460681 0.08517028391361237 170
1732014460707 0.08428780734539032 171
1732014460732 0.08338410407304764 172
1732014460761 0.08245833218097687 173
1732014460790 0.08150962740182877 174
1732014460817 0.08053704351186752 175
1732014460845 0.07953958958387375 176
1732014460875 0.07851619273424149 177
1732014460902 0.07746574282646179 178
1732014460929 0.07638697326183319 179
1732014460954 0.07527857273817062 180
1732014460979 0.07413911819458008 181
1732014461008 0.07296706736087799 182
1732014461033 0.07176073640584946 183
1732014461062 0.07051831483840942 184
1732014461091 0.06923780590295792 185
1732014461117 0.06791705638170242 186
1732014461143 0.06655367463827133 187
1732014461173 0.06514502316713333 188
1732014461200 0.06368821114301682 189
1732014461230 0.062180012464523315 190
1732014461257 0.060616813600063324 191
1732014461284 0.05899456888437271 192
1732014461310 0.057308729737997055 193
1732014461339 0.05555409938097 194
1732014461368 0.053724728524684906 195
1732014461394 0.05181381478905678 196
1732014461421 0.04981338232755661 197
1732014461448 0.047714076936244965 198
1732014461476 0.04550476744771004 199
1732014461505 0.04317205026745796 200
1732014461532 0.040699463337659836 201
1732014461558 0.038066476583480835 202
1732014461586 0.0352468267083168 203
1732014461610 0.03220593184232712 204
1732014461637 0.02889654040336609 205
1732014461668 0.025250868871808052 206
1732014461697 0.021164733916521072 207
1732014461725 0.016460662707686424 208
1732014461756 0.010777760297060013 209
1732014461786 0.0029906146228313446 210
1732014461815 -0.0 211
1732014461843 -0.0 212
