1732014455868 1.3697903156280518 0
1732014455896 1.3697903156280518 1
1732014455925 1.3697903156280518 2
1732014455954 1.3697903156280518 3
1732014455979 1.3697903156280518 4
1732014456006 1.3697903156280518 5
1732014456034 1.3697903156280518 6
1732014456062 1.3697903156280518 7
1732014456095 1.3697903156280518 8
1732014456127 1.3697903156280518 9
1732014456160 1.3697903156280518 10
1732014456191 1.3697903156280518 11
1732014456221 1.3697903156280518 12
1732014456250 1.3697903156280518 13
1732014456282 1.3697903156280518 14
1732014456309 1.3697903156280518 15
1732014456339 1.3697903156280518 16
1732014456368 1.3697903156280518 17
1732014456399 1.3697903156280518 18
1732014456428 1.3697903156280518 19
1732014456460 1.3697903156280518 20
1732014456492 1.3697903156280518 21
1732014456519 1.3697903156280518 22
1732014456545 1.3697903156280518 23
1732014456570 1.3697903156280518 24
1732014456595 1.3697903156280518 25
1732014456628 1.3697903156280518 26
1732014456657 1.3697903156280518 27
1732014456685 1.3697903156280518 28
1732014456709 1.3697903156280518 29
1732014456736 1.3697903156280518 30
1732014456762 1.3697903156280518 31
1732014456788 1.3697903156280518 32
1732014456814 1.3697903156280518 33
1732014456841 1.3697903156280518 34
1732014456873 1.3697903156280518 35
1732014456904 1.3697903156280518 36
1732014456931 1.3697903156280518 37
1732014456959 1.3697903156280518 38
1732014456985 1.3697903156280518 39
1732014457011 1.3697903156280518 40
1732014457042 1.3697903156280518 41
1732014457074 1.3697903156280518 42
1732014457106 1.3697903156280518 43
1732014457138 1.3697903156280518 44
1732014457169 1.3697903156280518 45
1732014457201 1.3697903156280518 46
1732014457234 1.3697903156280518 47
1732014457261 1.3697903156280518 48
1732014457288 1.3697903156280518 49
1732014457317 1.3697903156280518 50
1732014457346 1.3697903156280518 51
1732014457375 1.3697903156280518 52
1732014457405 1.3697903156280518 53
1732014457432 1.3697903156280518 54
1732014457459 1.3697903156280518 55
1732014457489 1.3697903156280518 56
1732014457514 1.3697903156280518 57
1732014457542 1.3697903156280518 58
1732014457572 1.3697903156280518 59
1732014457601 1.3697903156280518 60
1732014457630 1.3697903156280518 61
1732014457657 1.3697903156280518 62
1732014457684 1.3697903156280518 63
1732014457710 1.3697903156280518 64
1732014457736 1.3697903156280518 65
1732014457766 1.3697903156280518 66
1732014457794 1.3697903156280518 67
1732014457821 1.3697903156280518 68
1732014457850 1.3697903156280518 69
1732014457879 1.3697903156280518 70
1732014457906 1.3697903156280518 71
1732014457934 1.3697903156280518 72
1732014457959 1.3697903156280518 73
1732014457987 1.3697903156280518 74
1732014458014 1.3697903156280518 75
1732014458038 1.3697903156280518 76
1732014458064 1.3697903156280518 77
1732014458091 1.3697903156280518 78
1732014458116 1.3697903156280518 79
1732014458143 1.3697903156280518 80
1732014458169 1.3697903156280518 81
1732014458193 1.3697903156280518 82
1732014458220 1.3697903156280518 83
1732014458247 1.3697903156280518 84
1732014458273 1.3697903156280518 85
1732014458299 1.3697903156280518 86
1732014458328 1.3697903156280518 87
1732014458357 1.3697903156280518 88
1732014458385 1.3697903156280518 89
1732014458414 1.3697903156280518 90
1732014458439 1.3697903156280518 91
1732014458466 1.3697903156280518 92
1732014458491 1.3697903156280518 93
1732014458517 1.3697903156280518 94
1732014458543 1.3697903156280518 95
1732014458568 1.3697903156280518 96
1732014458597 1.3697903156280518 97
1732014458625 1.3697903156280518 98
1732014458656 1.3697903156280518 99
1732014458681 1.3697903156280518 100
1732014458707 1.3697903156280518 101
1732014458733 1.3697903156280518 102
1732014458760 1.3697903156280518 103
1732014458787 1.3697903156280518 104
1732014458812 1.3697903156280518 105
1732014458838 1.3697903156280518 106
1732014458864 1.3697903156280518 107
1732014458893 1.3697903156280518 108
1732014458922 1.3697903156280518 109
1732014458951 1.3697903156280518 110
1732014458982 1.3697903156280518 111
1732014459014 1.3697903156280518 112
1732014459044 1.3697903156280518 113
1732014459076 1.3697903156280518 114
1732014459109 1.3697903156280518 115
1732014459142 1.3697903156280518 116
1732014459172 1.3697903156280518 117
1732014459199 1.3697903156280518 118
1732014459224 1.3697903156280518 119
1732014459252 1.3697903156280518 120
1732014459280 1.3697903156280518 121
1732014459310 1.3697903156280518 122
1732014459340 1.3697903156280518 123
1732014459370 1.3697903156280518 124
1732014459400 1.3697903156280518 125
1732014459429 1.3697903156280518 126
1732014459457 1.3697903156280518 127
1732014459482 1.3697903156280518 128
1732014459509 1.3697903156280518 129
1732014459535 1.3697903156280518 130
1732014459562 1.3697903156280518 131
1732014459590 1.3697903156280518 132
1732014459617 1.3697903156280518 133
1732014459644 1.3697903156280518 134
1732014459676 1.3697903156280518 135
1732014459704 1.3697903156280518 136
1732014459734 1.3697903156280518 137
1732014459762 1.3697903156280518 138
1732014459790 1.3697903156280518 139
1732014459819 1.3697903156280518 140
1732014459847 1.3697903156280518 141
1732014459876 1.3697903156280518 142
1732014459906 1.3697903156280518 143
1732014459936 1.3697903156280518 144
1732014459965 1.3697903156280518 145
1732014459993 1.3697903156280518 146
1732014460021 1.3697903156280518 147
1732014460052 1.3697903156280518 148
1732014460081 1.3697903156280518 149
1732014460109 1.3697903156280518 150
1732014460139 1.3697903156280518 151
1732014460173 1.3697903156280518 152
1732014460203 1.3697903156280518 153
1732014460233 1.3697903156280518 154
1732014460263 1.3697903156280518 155
1732014460293 1.3697903156280518 156
1732014460319 1.3697903156280518 157
1732014460344 1.3697903156280518 158
1732014460374 1.3697903156280518 159
1732014460406 1.3697903156280518 160
1732014460435 1.3697903156280518 161
1732014460464 1.3697903156280518 162
1732014460492 1.3697903156280518 163
1732014460519 1.3697903156280518 164
1732014460546 1.3697903156280518 165
1732014460572 1.3697903156280518 166
1732014460598 1.3697903156280518 167
1732014460626 1.3697903156280518 168
1732014460656 1.3697903156280518 169
1732014460684 1.3697903156280518 170
1732014460710 1.3697903156280518 171
1732014460735 1.3697903156280518 172
1732014460764 1.3697903156280518 173
1732014460792 1.3697903156280518 174
1732014460819 1.3697903156280518 175
1732014460848 1.3697903156280518 176
1732014460877 1.3697903156280518 177
1732014460905 1.3697903156280518 178
1732014460931 1.3697903156280518 179
1732014460956 1.3697903156280518 180
1732014460982 1.3697903156280518 181
1732014461010 1.3697903156280518 182
1732014461036 1.3697903156280518 183
1732014461064 1.3697903156280518 184
1732014461093 1.3697903156280518 185
1732014461119 1.3697903156280518 186
1732014461145 1.3697903156280518 187
1732014461175 1.3697903156280518 188
1732014461202 1.3697903156280518 189
1732014461233 1.3697903156280518 190
1732014461260 1.3697903156280518 191
1732014461286 1.3697903156280518 192
1732014461312 1.3697903156280518 193
1732014461342 1.3697903156280518 194
1732014461371 1.3697903156280518 195
1732014461396 1.3697903156280518 196
1732014461424 1.3697903156280518 197
1732014461450 1.3697903156280518 198
1732014461478 1.3697903156280518 199
1732014461507 1.3697903156280518 200
1732014461534 1.3697903156280518 201
1732014461561 1.3697903156280518 202
1732014461588 1.3697903156280518 203
1732014461612 1.3697903156280518 204
1732014461640 1.3697903156280518 205
1732014461671 1.3697903156280518 206
1732014461699 1.3697903156280518 207
1732014461728 1.3697903156280518 208
1732014461759 1.3697903156280518 209
1732014461789 1.3697903156280518 210
1732014461818 1.3697903156280518 211
1732014461845 1.3697903156280518 212
