1732014455873 1.114668369293213 0
1732014455901 0.9152769446372986 1
1732014455930 0.8597756624221802 2
1732014455958 0.8441137671470642 3
1732014455984 0.8305115103721619 4
1732014456011 0.826932966709137 5
1732014456039 0.8230953216552734 6
1732014456069 0.8189271688461304 7
1732014456102 0.8143312335014343 8
1732014456134 0.8091691136360168 9
1732014456166 0.8032363653182983 10
1732014456197 0.7962161898612976 11
1732014456227 0.7875826954841614 12
1732014456256 0.7763622403144836 13
1732014456288 0.7748212814331055 14
1732014456316 0.7747789025306702 15
1732014456346 0.7747357487678528 16
1732014456375 0.7746917009353638 17
1732014456406 0.7746468782424927 18
1732014456434 0.7746011018753052 19
1732014456468 0.7745544910430908 20
1732014456498 0.7745069861412048 21
1732014456523 0.7744585275650024 22
1732014456549 0.7744091749191284 23
1732014456574 0.7743587493896484 24
1732014456601 0.7743074297904968 25
1732014456635 0.7742551565170288 26
1732014456663 0.7742018103599548 27
1732014456690 0.7741473317146301 28
1732014456715 0.7740918397903442 29
1732014456741 0.7740352153778076 30
1732014456766 0.773977518081665 31
1732014456792 0.7739185690879822 32
1732014456819 0.7738584876060486 33
1732014456846 0.7737971544265747 34
1732014456878 0.7737345695495605 35
1732014456909 0.7736707329750061 36
1732014456937 0.7736055850982666 37
1732014456965 0.7735390663146973 38
1732014456991 0.7734709978103638 39
1732014457016 0.7734017372131348 40
1732014457048 0.7733309864997864 41
1732014457080 0.7732586860656738 42
1732014457111 0.7731847763061523 43
1732014457145 0.7731093168258667 44
1732014457176 0.7730321884155273 45
1732014457208 0.7729535102844238 46
1732014457240 0.772873044013977 47
1732014457265 0.7727907299995422 48
1732014457293 0.7727066874504089 49
1732014457322 0.772620677947998 50
1732014457351 0.7725328207015991 51
1732014457380 0.7724428772926331 52
1732014457410 0.7723509669303894 53
1732014457436 0.7722568511962891 54
1732014457466 0.7721604704856873 55
1732014457494 0.7720620632171631 56
1732014457519 0.7719611525535583 57
1732014457549 0.771857738494873 58
1732014457578 0.7717519998550415 59
1732014457608 0.7716436386108398 60
1732014457635 0.7715325951576233 61
1732014457662 0.7714186906814575 62
1732014457689 0.7713019847869873 63
1732014457715 0.7711822986602783 64
1732014457742 0.7710594534873962 65
1732014457771 0.7709335088729858 66
1732014457799 0.7708041667938232 67
1732014457828 0.7706713676452637 68
1732014457856 0.7705349326133728 69
1732014457884 0.7703946828842163 70
1732014457910 0.7703432440757751 71
1732014457938 0.7703098654747009 72
1732014457964 0.7702762484550476 73
1732014457992 0.77024245262146 74
1732014458018 0.7702083587646484 75
1732014458044 0.7701740264892578 76
1732014458069 0.7701395750045776 77
1732014458095 0.7701048254966736 78
1732014458120 0.7700698375701904 79
1732014458148 0.7700345516204834 80
1732014458173 0.7699990272521973 81
1732014458199 0.7699633240699768 82
1732014458225 0.7699273824691772 83
1732014458252 0.769891083240509 84
1732014458278 0.7698545455932617 85
1732014458304 0.7698177695274353 86
1732014458333 0.7697807550430298 87
1732014458362 0.7697434425354004 88
1732014458390 0.7697058320045471 89
1732014458419 0.7696679830551147 90
1732014458445 0.7696298360824585 91
1732014458471 0.7695913314819336 92
1732014458496 0.7695526480674744 93
1732014458521 0.7695136666297913 94
1732014458547 0.76947420835495 95
1732014458574 0.7694345116615295 96
1732014458602 0.7693946957588196 97
1732014458631 0.7693543434143066 98
1732014458662 0.7693138122558594 99
1732014458686 0.7692729234695435 100
1732014458712 0.7692316174507141 101
1732014458737 0.7691900134086609 102
1732014458765 0.7691481113433838 103
1732014458791 0.7691059112548828 104
1732014458817 0.7690632939338684 105
1732014458843 0.7690203189849854 106
1732014458869 0.7689769268035889 107
1732014458899 0.7689332365989685 108
1732014458927 0.7688891291618347 109
1732014458958 0.7688446640968323 110
1732014458987 0.7687998414039612 111
1732014459020 0.7687545418739319 112
1732014459050 0.7687089443206787 113
1732014459082 0.7686628699302673 114
1732014459115 0.7686164379119873 115
1732014459149 0.7685695290565491 116
1732014459178 0.7685221433639526 117
1732014459204 0.7684744000434875 118
1732014459228 0.7684261798858643 119
1732014459257 0.7683775424957275 120
1732014459286 0.7683283686637878 121
1732014459315 0.7682787179946899 122
1732014459345 0.7682285904884338 123
1732014459375 0.7681781053543091 124
1732014459405 0.768126904964447 125
1732014459433 0.7680753469467163 126
1732014459462 0.7680232524871826 127
1732014459488 0.7679705619812012 128
1732014459514 0.7679173946380615 129
1732014459541 0.7678636312484741 130
1732014459567 0.7678093314170837 131
1732014459595 0.7677544355392456 132
1732014459622 0.7676988840103149 133
1732014459650 0.7676428556442261 134
1732014459681 0.7675861716270447 135
1732014459710 0.767528772354126 136
1732014459740 0.7674708366394043 137
1732014459768 0.7674122452735901 138
1732014459795 0.7673529386520386 139
1732014459825 0.7672929167747498 140
1732014459852 0.7672322392463684 141
1732014459881 0.767170786857605 142
1732014459911 0.7671086192131042 143
1732014459941 0.7670456171035767 144
1732014459971 0.7669820189476013 145
1732014459998 0.7669174671173096 146
1732014460027 0.7668521404266357 147
1732014460058 0.7667860388755798 148
1732014460086 0.7667189836502075 149
1732014460115 0.7666510939598083 150
1732014460145 0.7665822505950928 151
1732014460179 0.7665125131607056 152
1732014460208 0.766441822052002 153
1732014460239 0.7663701772689819 154
1732014460268 0.7662975192070007 155
1732014460297 0.7662237286567688 156
1732014460324 0.7661489248275757 157
1732014460351 0.7660729289054871 158
1732014460379 0.7659959197044373 159
1732014460411 0.7659176588058472 160
1732014460440 0.7658382058143616 161
1732014460469 0.7657575607299805 162
1732014460497 0.7656755447387695 163
1732014460523 0.7655922174453735 164
1732014460550 0.7655074596405029 165
1732014460577 0.7654213309288025 166
1732014460603 0.7653336524963379 167
1732014460632 0.7652444839477539 168
1732014460662 0.7651537656784058 169
1732014460690 0.7650613188743591 170
1732014460714 0.764967143535614 171
1732014460740 0.7648711800575256 172
1732014460769 0.764773428440094 173
1732014460796 0.7646735906600952 174
1732014460825 0.7645718455314636 175
1732014460854 0.7644679546356201 176
1732014460882 0.7643618583679199 177
1732014460911 0.7642533779144287 178
1732014460937 0.7641425132751465 179
1732014460960 0.7640292048454285 180
1732014460987 0.763913094997406 181
1732014461014 0.7637941837310791 182
1732014461042 0.7636723518371582 183
1732014461070 0.763547420501709 184
1732014461099 0.7634191513061523 185
1732014461125 0.7632873058319092 186
1732014461151 0.7631518244743347 187
1732014461181 0.7630123496055603 188
1732014461207 0.7628686428070068 189
1732014461239 0.7627204656600952 190
1732014461264 0.7625672817230225 191
1732014461290 0.762408971786499 192
1732014461318 0.7622449994087219 193
1732014461348 0.762074887752533 194
1732014461376 0.7618980407714844 195
1732014461402 0.761713981628418 196
1732014461429 0.7615217566490173 197
1732014461455 0.7613206505775452 198
1732014461483 0.7611095905303955 199
1732014461512 0.7608872652053833 200
1732014461539 0.7606521248817444 201
1732014461567 0.760402262210846 202
1732014461593 0.760135293006897 203
1732014461618 0.7598476409912109 204
1732014461646 0.7595351934432983 205
1732014461678 0.7591910362243652 206
1732014461704 0.758805513381958 207
1732014461733 0.7583613991737366 208
1732014461765 0.7578235864639282 209
1732014461794 0.7570818662643433 210
1732014461823 0.7567934989929199 211
1732014461851 0.7567934989929199 212
