1732014455876 0.0 0
1732014455903 0.0 1
1732014455932 0.0 2
1732014455960 0.0 3
1732014455986 0.0 4
1732014456013 0.0 5
1732014456041 0.0 6
1732014456072 0.0 7
1732014456105 0.0 8
1732014456137 0.0 9
1732014456168 0.0 10
1732014456199 0.0 11
1732014456229 0.0 12
1732014456259 0.0 13
1732014456290 0.0 14
1732014456319 0.0 15
1732014456349 0.0 16
1732014456378 0.0 17
1732014456408 0.0 18
1732014456437 0.0 19
1732014456471 0.0 20
1732014456501 0.0 21
1732014456527 0.0 22
1732014456551 0.0 23
1732014456576 0.0 24
1732014456604 0.0 25
1732014456638 0.0 26
1732014456665 0.0 27
1732014456692 0.0 28
1732014456718 0.0 29
1732014456744 0.0 30
1732014456769 0.0 31
1732014456794 0.0 32
1732014456821 0.0 33
1732014456849 0.0 34
1732014456882 0.0 35
1732014456912 0.0 36
1732014456939 0.0 37
1732014456967 0.0 38
1732014456993 0.0 39
1732014457019 0.0 40
1732014457053 0.0 41
1732014457084 0.0 42
1732014457115 0.0 43
1732014457148 0.0 44
1732014457180 0.0 45
1732014457212 0.0 46
1732014457243 0.0 47
1732014457268 0.0 48
1732014457295 0.0 49
1732014457325 0.0 50
1732014457354 0.0 51
1732014457383 0.0 52
1732014457412 0.0 53
1732014457438 0.0 54
1732014457469 0.0 55
1732014457496 0.0 56
1732014457522 0.0 57
1732014457552 0.0 58
1732014457581 0.0 59
1732014457611 0.0 60
1732014457638 0.0 61
1732014457664 0.0 62
1732014457691 0.0 63
1732014457717 0.0 64
1732014457744 0.0 65
1732014457774 0.0 66
1732014457801 0.0 67
1732014457830 0.0 68
1732014457859 0.0 69
1732014457887 0.0 70
1732014457913 0.0 71
1732014457940 0.0 72
1732014457967 0.0 73
1732014457994 0.0 74
1732014458021 0.0 75
1732014458046 0.0 76
1732014458072 0.0 77
1732014458097 0.0 78
1732014458123 0.0 79
1732014458150 0.0 80
1732014458176 0.0 81
1732014458202 0.0 82
1732014458228 0.0 83
1732014458254 0.0 84
1732014458280 0.0 85
1732014458306 0.0 86
1732014458335 0.0 87
1732014458364 0.0 88
1732014458393 0.0 89
1732014458421 0.0 90
1732014458447 0.0 91
1732014458474 0.0 92
1732014458498 0.0 93
1732014458524 0.0 94
1732014458549 0.0 95
1732014458576 0.0 96
1732014458605 0.0 97
1732014458633 0.0 98
1732014458664 0.0 99
1732014458689 0.0 100
1732014458714 0.0 101
1732014458740 0.0 102
1732014458767 0.0 103
1732014458793 0.0 104
1732014458820 0.0 105
1732014458846 0.0 106
1732014458871 0.0 107
1732014458901 0.0 108
1732014458929 0.0 109
1732014458960 0.0 110
1732014458989 0.0 111
1732014459023 0.0 112
1732014459052 0.0 113
1732014459086 0.0 114
1732014459119 0.0 115
1732014459151 0.0 116
1732014459181 0.0 117
1732014459206 0.0 118
1732014459231 0.0 119
1732014459259 0.0 120
1732014459288 0.0 121
1732014459318 0.0 122
1732014459348 0.0 123
1732014459377 0.0 124
1732014459407 0.0 125
1732014459436 0.0 126
1732014459464 0.0 127
1732014459491 0.0 128
1732014459517 0.0 129
1732014459543 0.0 130
1732014459569 0.0 131
1732014459597 0.0 132
1732014459624 0.0 133
1732014459653 0.0 134
1732014459684 0.0 135
1732014459713 0.0 136
1732014459742 0.0 137
1732014459771 0.0 138
1732014459799 0.0 139
1732014459828 0.0 140
1732014459854 0.0 141
1732014459884 0.0 142
1732014459914 0.0 143
1732014459943 0.0 144
1732014459973 0.0 145
1732014460000 0.0 146
1732014460029 0.0 147
1732014460060 0.0 148
1732014460088 0.0 149
1732014460118 0.0 150
1732014460148 0.0 151
1732014460181 0.0 152
1732014460210 0.0 153
1732014460241 0.0 154
1732014460271 0.0 155
1732014460299 0.0 156
1732014460326 0.0 157
1732014460354 0.0 158
1732014460382 0.0 159
1732014460414 0.0 160
1732014460443 0.0 161
1732014460471 0.0 162
1732014460500 0.0 163
1732014460525 0.0 164
1732014460553 0.0 165
1732014460580 0.0 166
1732014460606 0.0 167
1732014460635 0.0 168
1732014460664 0.0 169
1732014460692 0.0 170
1732014460716 0.0 171
1732014460742 0.0 172
1732014460771 0.0 173
1732014460798 0.0 174
1732014460827 0.0 175
1732014460857 0.0 176
1732014460885 0.0 177
1732014460913 0.0 178
1732014460939 0.0 179
1732014460963 0.0 180
1732014460990 0.0 181
1732014461016 0.0 182
1732014461044 0.0 183
1732014461073 0.0 184
1732014461101 0.0 185
1732014461127 0.0 186
1732014461154 0.0 187
1732014461184 0.0 188
1732014461209 0.0 189
1732014461241 0.0 190
1732014461267 0.0 191
1732014461293 0.0 192
1732014461320 0.0 193
1732014461350 0.0 194
1732014461378 0.0 195
1732014461405 0.0 196
1732014461432 0.0 197
1732014461457 0.0 198
1732014461485 0.0 199
1732014461514 0.0 200
1732014461541 0.0 201
1732014461569 0.0 202
1732014461595 0.0 203
1732014461620 0.0 204
1732014461649 0.0 205
1732014461681 0.0 206
1732014461708 0.0 207
1732014461736 0.0 208
1732014461768 0.0 209
1732014461797 0.0 210
1732014461825 0.0 211
1732014461854 0.0 212
