1731935712504 0.2250351905822754 0
1731935712583 0.21284008026123047 1
1731935712624 0.19127631187438965 2
1731935712652 0.13769078254699707 3
1731935712687 0.07472062110900879 4
1731935712718 0.05498504638671875 5
1731935712741 0.04666709899902344 6
1731935712767 0.037902116775512695 7
1731935712794 0.028615951538085938 8
1731935712822 0.01871633529663086 9
1731935712850 0.00808262825012207 10
1731935712876 -0.0034477710723876953 11
1731935712901 -0.016099214553833008 12
1731935712924 -0.030199289321899414 13
1731935712950 -0.046260833740234375 14
1731935712976 -0.06517291069030762 15
1731935713001 -0.08876419067382812 16
1731935713024 -0.12257039546966553 17
1731935713049 -0.14479923248291016 18
1731935713078 -0.14609909057617188 19
1731935713104 -0.14648854732513428 20
1731935713129 -0.14688527584075928 21
1731935713154 -0.14728927612304688 22
1731935713184 -0.14770054817199707 23
1731935713212 -0.14811992645263672 24
1731935713236 -0.14854717254638672 25
1731935713263 -0.14898264408111572 26
1731935713289 -0.14942717552185059 27
1731935713314 -0.1498802900314331 28
1731935713343 -0.15034282207489014 29
1731935713365 -0.15081512928009033 30
1731935713391 -0.15129733085632324 31
1731935713418 -0.15178990364074707 32
1731935713444 -0.15229320526123047 33
1731935713469 -0.15280795097351074 34
1731935713492 -0.153334379196167 35
1731935713516 -0.15387260913848877 36
1731935713542 -0.15442383289337158 37
1731935713569 -0.15498816967010498 38
1731935713598 -0.15556633472442627 39
1731935713623 -0.1561589241027832 40
1731935713646 -0.15676641464233398 41
1731935713672 -0.15738987922668457 42
1731935713699 -0.15802991390228271 43
1731935713728 -0.15868735313415527 44
1731935713754 -0.15936267375946045 45
1731935713778 -0.1600571870803833 46
1731935713802 -0.16077196598052979 47
1731935713829 -0.16150784492492676 48
1731935713859 -0.16226613521575928 49
1731935713885 -0.16304802894592285 50
1731935713911 -0.16385459899902344 51
1731935713937 -0.1646878719329834 52
1731935713960 -0.16554903984069824 53
1731935713983 -0.16644001007080078 54
1731935714010 -0.16736268997192383 55
1731935714035 -0.1683192253112793 56
1731935714061 -0.16931164264678955 57
1731935714088 -0.17034268379211426 58
1731935714110 -0.17141509056091309 59
1731935714136 -0.17253196239471436 60
1731935714162 -0.17369675636291504 61
1731935714188 -0.1749134063720703 62
1731935714212 -0.17618632316589355 63
1731935714234 -0.1775202751159668 64
1731935714259 -0.17892086505889893 65
1731935714285 -0.18039417266845703 66
1731935714310 -0.18194758892059326 67
1731935714338 -0.18358945846557617 68
1731935714374 -0.18532931804656982 69
1731935714408 -0.1871786117553711 70
1731935714448 -0.18877077102661133 71
1731935714483 -0.1898031234741211 72
1731935714516 -0.1908724308013916 73
1731935714555 -0.19198060035705566 74
1731935714591 -0.1931312084197998 75
1731935714623 -0.19432687759399414 76
1731935714666 -0.1955709457397461 77
1731935714702 -0.19686734676361084 78
1731935714744 -0.19822025299072266 79
1731935714777 -0.19963443279266357 80
1731935714808 -0.20111525058746338 81
1731935714843 -0.2026686668395996 82
1731935714874 -0.20430207252502441 83
1731935714907 -0.2060229778289795 84
1731935714938 -0.207841157913208 85
1731935714970 -0.20976674556732178 86
1731935715001 -0.21181321144104004 87
1731935715030 -0.21399521827697754 88
1731935715059 -0.21633100509643555 89
1731935715091 -0.21884238719940186 90
1731935715122 -0.2215566635131836 91
1731935715152 -0.22450780868530273 92
1731935715182 -0.2277388572692871 93
1731935715213 -0.23130643367767334 94
1731935715251 -0.23528647422790527 95
1731935715288 -0.23978424072265625 96
1731935715322 -0.24495267868041992 97
1731935715357 -0.25102806091308594 98
1731935715387 -0.2584066390991211 99
1731935715420 -0.2678459882736206 100
1731935715456 -0.2811856269836426 101
1731935715492 -0.30503666400909424 102
1731935715529 -0.30503666400909424 103
