1731935712508 2e-05 0
1731935712590 0.07096576690673828 1
1731935712627 0.0915805771946907 2
1731935712657 0.13375961780548096 3
1731935712691 0.12688905000686646 4
1731935712721 0.047220513224601746 5
1731935712747 0.03936099261045456 6
1731935712770 0.040373966097831726 7
1731935712796 0.04151821509003639 8
1731935712825 0.04282232001423836 9
1731935712853 0.04432538524270058 10
1731935712879 0.0460817813873291 11
1731935712905 0.048170920461416245 12
1731935712926 0.0507151335477829 13
1731935712952 0.05391647666692734 14
1731935712979 0.058143921196460724 15
1731935713004 0.06418368965387344 16
1731935713029 0.07423144578933716 17
1731935713051 0.03619510680437088 18
1731935713080 0.012190372683107853 19
1731935713106 0.008055076003074646 20
1731935713132 0.008127689361572266 21
1731935713158 0.008201956748962402 22
1731935713189 0.008278004825115204 23
1731935713216 0.008355893194675446 24
1731935713239 0.008435696363449097 25
1731935713266 0.00851750373840332 26
1731935713292 0.008601322770118713 27
1731935713318 0.00868736207485199 28
1731935713346 0.008775651454925537 29
1731935713371 0.008866280317306519 30
1731935713394 0.008959323167800903 31
1731935713420 0.009054921567440033 32
1731935713446 0.009153224527835846 33
1731935713472 0.009254321455955505 34
1731935713496 0.009358353912830353 35
1731935713518 0.009465411305427551 36
1731935713545 0.009575717151165009 37
1731935713573 0.00968940556049347 38
1731935713601 0.009806632995605469 39
1731935713626 0.009927630424499512 40
1731935713652 0.010052546858787537 41
1731935713675 0.010181546211242676 42
1731935713702 0.010315008461475372 43
1731935713730 0.01045306771993637 44
1731935713756 0.010595954954624176 45
1731935713781 0.010744035243988037 46
1731935713806 0.010897651314735413 47
1731935713833 0.011057071387767792 48
1731935713862 0.011222690343856812 49
1731935713888 0.01139486487954855 50
1731935713914 0.011574103496968746 51
1731935713940 0.011760823428630829 52
1731935713964 0.011955678462982178 53
1731935713986 0.012159090489149094 54
1731935714012 0.012371771037578583 55
1731935714038 0.012594465166330338 56
1731935714063 0.012827891856431961 57
1731935714091 0.013072971254587173 58
1731935714113 0.013330694288015366 59
1731935714138 0.013602130115032196 60
1731935714164 0.013888493180274963 61
1731935714190 0.014191266149282455 62
1731935714215 0.014511967077851295 63
1731935714237 0.014852487482130527 64
1731935714262 0.015214813873171806 65
1731935714287 0.015601443126797676 66
1731935714313 0.01601511798799038 67
1731935714341 0.01645900495350361 68
1731935714377 0.01693713106215 69
1731935714412 0.017453910782933235 70
1731935714452 0.014988910406827927 71
1731935714487 0.013086828403174877 72
1731935714523 0.013316296972334385 73
1731935714559 0.013556807301938534 74
1731935714595 0.013809394091367722 75
1731935714626 0.014075108803808689 76
1731935714670 0.014355047605931759 77
1731935714707 0.014650666154921055 78
1731935714748 0.014963227324187756 79
1731935714781 0.01529467012733221 80
1731935714812 0.01564684882760048 81
1731935714847 0.01602203957736492 82
1731935714877 0.016422856599092484 83
1731935714910 0.016852395609021187 84
1731935714941 0.017314283177256584 85
1731935714973 0.017812838777899742 86
1731935715004 0.018353203311562538 87
1731935715033 0.018941637128591537 88
1731935715063 0.019585831090807915 89
1731935715095 0.02029537223279476 90
1731935715125 0.021082274615764618 91
1731935715155 0.021961985155940056 92
1731935715186 0.02295485883951187 93
1731935715216 0.024088241159915924 94
1731935715255 0.025399893522262573 95
1731935715291 0.02694406919181347 96
1731935715326 0.02880253456532955 97
1731935715360 0.03110548108816147 98
1731935715390 0.03407867252826691 99
1731935715424 0.038162458688020706 100
1731935715460 0.044397156685590744 101
1731935715497 0.05121803656220436 102
1731935715532 0.0 103
