1731935712511 2e-05 0
1731935712596 -0.012195110321044922 1
1731935712630 -0.02156376838684082 2
1731935712661 -0.05358552932739258 3
1731935712694 -0.06297016143798828 4
1731935712724 -0.01973557472229004 5
1731935712750 -0.008317947387695312 6
1731935712773 -0.008764982223510742 7
1731935712799 -0.009286165237426758 8
1731935712828 -0.009899616241455078 9
1731935712855 -0.010633707046508789 10
1731935712882 -0.011530399322509766 11
1731935712907 -0.012651443481445312 12
1731935712930 -0.014100074768066406 13
1731935712955 -0.01606154441833496 14
1731935712981 -0.018912076950073242 15
1731935713007 -0.023591279983520508 16
1731935713032 -0.0338062047958374 17
1731935713055 -0.02222883701324463 18
1731935713083 -0.0012998580932617188 19
1731935713109 -0.00038945674896240234 20
1731935713134 -0.000396728515625 21
1731935713162 -0.00040400028228759766 22
1731935713192 -0.0004112720489501953 23
1731935713219 -0.00041937828063964844 24
1731935713242 -0.00042724609375 25
1731935713268 -0.0004354715347290039 26
1731935713294 -0.0004445314407348633 27
1731935713322 -0.00045311450958251953 28
1731935713349 -0.00046253204345703125 29
1731935713373 -0.0004723072052001953 30
1731935713399 -0.00048220157623291016 31
1731935713422 -0.0004925727844238281 32
1731935713448 -0.0005033016204833984 33
1731935713474 -0.0005147457122802734 34
1731935713499 -0.00052642822265625 35
1731935713521 -0.0005382299423217773 36
1731935713547 -0.0005512237548828125 37
1731935713576 -0.0005643367767333984 38
1731935713603 -0.0005781650543212891 39
1731935713629 -0.0005925893783569336 40
1731935713654 -0.0006074905395507812 41
1731935713679 -0.0006234645843505859 42
1731935713704 -0.0006400346755981445 43
1731935713733 -0.0006574392318725586 44
1731935713759 -0.0006753206253051758 45
1731935713785 -0.0006945133209228516 46
1731935713810 -0.0007147789001464844 47
1731935713836 -0.0007358789443969727 48
1731935713865 -0.0007582902908325195 49
1731935713890 -0.0007818937301635742 50
1731935713916 -0.0008065700531005859 51
1731935713942 -0.0008332729339599609 52
1731935713967 -0.0008611679077148438 53
1731935713989 -0.0008909702301025391 54
1731935714015 -0.0009226799011230469 55
1731935714041 -0.0009565353393554688 56
1731935714066 -0.000992417335510254 57
1731935714094 -0.001031041145324707 58
1731935714118 -0.0010724067687988281 59
1731935714141 -0.0011168718338012695 60
1731935714167 -0.0011647939682006836 61
1731935714193 -0.0012166500091552734 62
1731935714218 -0.0012729167938232422 63
1731935714240 -0.0013339519500732422 64
1731935714264 -0.001400589942932129 65
1731935714290 -0.0014733076095581055 66
1731935714315 -0.0015534162521362305 67
1731935714343 -0.0016418695449829102 68
1731935714381 -0.0017398595809936523 69
1731935714416 -0.0018492937088012695 70
1731935714458 -0.0015921592712402344 71
1731935714492 -0.0010323524475097656 72
1731935714527 -0.0010693073272705078 73
1731935714563 -0.0011081695556640625 74
1731935714598 -0.0011506080627441406 75
1731935714630 -0.001195669174194336 76
1731935714674 -0.0012440681457519531 77
1731935714714 -0.001296401023864746 78
1731935714751 -0.0013529062271118164 79
1731935714784 -0.001414179801940918 80
1731935714815 -0.0014808177947998047 81
1731935714850 -0.0015534162521362305 82
1731935714881 -0.0016334056854248047 83
1731935714913 -0.0017209053039550781 84
1731935714944 -0.0018181800842285156 85
1731935714976 -0.0019255876541137695 86
1731935715007 -0.0020464658737182617 87
1731935715036 -0.0021820068359375 88
1731935715065 -0.002335786819458008 89
1731935715098 -0.0025113821029663086 90
1731935715128 -0.0027142763137817383 91
1731935715159 -0.0029511451721191406 92
1731935715189 -0.003231048583984375 93
1731935715219 -0.0035675764083862305 94
1731935715259 -0.003980040550231934 95
1731935715295 -0.0044977664947509766 96
1731935715331 -0.005168437957763672 97
1731935715365 -0.006075382232666016 98
1731935715396 -0.007378578186035156 99
1731935715430 -0.009439349174499512 100
1731935715464 -0.013339638710021973 101
1731935715501 -0.02385103702545166 102
1731935715535 0.0 103
