1731935712524 2.28007173538208 0
1731935712613 2.267876625061035 1
1731935712641 2.2463128566741943 2
1731935712673 2.1927273273468018 3
1731935712706 2.1297571659088135 4
1731935712733 2.1100215911865234 5
1731935712760 2.101703643798828 6
1731935712786 2.0929386615753174 7
1731935712811 2.0836524963378906 8
1731935712839 2.0737528800964355 9
1731935712864 2.0631191730499268 10
1731935712891 2.051588773727417 11
1731935712916 2.0389373302459717 12
1731935712942 2.0248372554779053 13
1731935712967 2.0087757110595703 14
1731935712990 1.989863634109497 15
1731935713016 1.9662723541259766 16
1731935713041 1.9324661493301392 17
1731935713067 1.9102373123168945 18
1731935713096 1.9089374542236328 19
1731935713120 1.9085479974746704 20
1731935713143 1.9081512689590454 21
1731935713171 1.9077472686767578 22
1731935713203 1.9073359966278076 23
1731935713229 1.906916618347168 24
1731935713255 1.906489372253418 25
1731935713281 1.906053900718689 26
1731935713304 1.905609369277954 27
1731935713332 1.9051562547683716 28
1731935713357 1.9046937227249146 29
1731935713383 1.9042214155197144 30
1731935713410 1.9037392139434814 31
1731935713436 1.9032466411590576 32
1731935713458 1.9027433395385742 33
1731935713483 1.902228593826294 34
1731935713508 1.9017021656036377 35
1731935713534 1.901163935661316 36
1731935713560 1.900612711906433 37
1731935713589 1.9000483751296997 38
1731935713612 1.8994702100753784 39
1731935713638 1.8988776206970215 40
1731935713664 1.8982701301574707 41
1731935713691 1.8976466655731201 42
1731935713719 1.897006630897522 43
1731935713745 1.8963491916656494 44
1731935713767 1.8956738710403442 45
1731935713794 1.8949793577194214 46
1731935713821 1.894264578819275 47
1731935713849 1.893528699874878 48
1731935713877 1.8927704095840454 49
1731935713903 1.8919885158538818 50
1731935713926 1.8911819458007812 51
1731935713951 1.8903486728668213 52
1731935713976 1.8894875049591064 53
1731935714002 1.888596534729004 54
1731935714028 1.8876738548278809 55
1731935714050 1.8867173194885254 56
1731935714077 1.8857249021530151 57
1731935714103 1.8846938610076904 58
1731935714128 1.8836214542388916 59
1731935714154 1.8825045824050903 60
1731935714177 1.8813397884368896 61
1731935714201 1.8801231384277344 62
1731935714227 1.8788502216339111 63
1731935714252 1.877516269683838 64
1731935714276 1.8761156797409058 65
1731935714299 1.8746423721313477 66
1731935714327 1.8730889558792114 67
1731935714358 1.8714470863342285 68
1731935714394 1.8697072267532349 69
1731935714436 1.8678579330444336 70
1731935714472 1.8662657737731934 71
1731935714505 1.8652334213256836 72
1731935714543 1.864164113998413 73
1731935714578 1.863055944442749 74
1731935714610 1.8619053363800049 75
1731935714650 1.8607096672058105 76
1731935714691 1.8594655990600586 77
1731935714732 1.8581691980361938 78
1731935714764 1.856816291809082 79
1731935714796 1.8554021120071411 80
1731935714830 1.8539212942123413 81
1731935714861 1.852367877960205 82
1731935714893 1.8507344722747803 83
1731935714925 1.8490135669708252 84
1731935714958 1.8471953868865967 85
1731935714989 1.845269799232483 86
1731935715018 1.8432233333587646 87
1731935715047 1.8410413265228271 88
1731935715079 1.8387055397033691 89
1731935715109 1.8361941576004028 90
1731935715139 1.833479881286621 91
1731935715170 1.830528736114502 92
1731935715200 1.8272976875305176 93
1731935715235 1.8237301111221313 94
1731935715276 1.8197500705718994 95
1731935715312 1.8152523040771484 96
1731935715345 1.8100838661193848 97
1731935715378 1.8040084838867188 98
1731935715410 1.7966299057006836 99
1731935715446 1.787190556526184 100
1731935715478 1.773850917816162 101
1731935715517 1.7499998807907104 102
1731935715550 1.7499998807907104 103
