1731935712514 1.2778143882751465 0
1731935712602 1.2778972387313843 1
1731935712633 1.281195044517517 2
1731935712664 1.2775678634643555 3
1731935712697 1.2810440063476562 4
1731935712726 1.2942771911621094 5
1731935712753 1.3111127614974976 6
1731935712778 1.3271996974945068 7
1731935712801 1.3425312042236328 8
1731935712830 1.357096791267395 9
1731935712858 1.3708813190460205 10
1731935712884 1.3838640451431274 11
1731935712910 1.39601731300354 12
1731935712934 1.4073045253753662 13
1731935712957 1.417677879333496 14
1731935712983 1.4270730018615723 15
1731935713009 1.4354051351547241 16
1731935713034 1.4425692558288574 17
1731935713059 1.4432921409606934 18
1731935713086 1.4430292844772339 19
1731935713111 1.4456208944320679 20
1731935713137 1.4482061862945557 21
1731935713164 1.4507850408554077 22
1731935713195 1.4533573389053345 23
1731935713221 1.4559231996536255 24
1731935713247 1.4584825038909912 25
1731935713271 1.4610350131988525 26
1731935713296 1.463580846786499 27
1731935713325 1.466119647026062 28
1731935713351 1.4686516523361206 29
1731935713376 1.4711766242980957 30
1731935713402 1.4736943244934082 31
1731935713425 1.476204752922058 32
1731935713451 1.4787077903747559 33
1731935713476 1.4812029600143433 34
1731935713502 1.4836907386779785 35
1731935713526 1.4861705303192139 36
1731935713549 1.4886422157287598 37
1731935713578 1.4911056756973267 38
1731935713606 1.493560552597046 39
1731935713631 1.496006965637207 40
1731935713657 1.4984440803527832 41
1731935713684 1.5008723735809326 42
1731935713706 1.5032908916473389 43
1731935713735 1.5056997537612915 44
1731935713761 1.5080984830856323 45
1731935713787 1.5104868412017822 46
1731935713813 1.5128642320632935 47
1731935713839 1.5152305364608765 48
1731935713870 1.517585039138794 49
1731935713893 1.5199272632598877 50
1731935713919 1.5222569704055786 51
1731935713944 1.5245733261108398 52
1731935713969 1.5268757343292236 53
1731935713994 1.5291637182235718 54
1731935714017 1.5314364433288574 55
1731935714043 1.5336929559707642 56
1731935714069 1.5359325408935547 57
1731935714096 1.5381542444229126 58
1731935714121 1.5403568744659424 59
1731935714143 1.542539358139038 60
1731935714169 1.5447005033493042 61
1731935714195 1.5468385219573975 62
1731935714220 1.548952341079712 63
1731935714244 1.551039695739746 64
1731935714266 1.5530989170074463 65
1731935714292 1.5551276206970215 66
1731935714318 1.5571231842041016 67
1731935714346 1.559083104133606 68
1731935714384 1.561003565788269 69
1731935714420 1.5628812313079834 70
1731935714462 1.564485788345337 71
1731935714495 1.5656859874725342 72
1731935714531 1.5668548345565796 73
1731935714566 1.567990779876709 74
1731935714601 1.569092035293579 75
1731935714633 1.570156455039978 76
1731935714678 1.5711818933486938 77
1731935714720 1.5721659660339355 78
1731935714755 1.5731061697006226 79
1731935714787 1.5739994049072266 80
1731935714818 1.5748426914215088 81
1731935714852 1.575632095336914 82
1731935714884 1.5763638019561768 83
1731935714916 1.5770330429077148 84
1731935714946 1.5776349306106567 85
1731935714979 1.5781636238098145 86
1731935715010 1.5786120891571045 87
1731935715039 1.5789730548858643 88
1731935715068 1.5792369842529297 89
1731935715101 1.5793941020965576 90
1731935715131 1.5794310569763184 91
1731935715162 1.5793333053588867 92
1731935715192 1.5790824890136719 93
1731935715223 1.578655481338501 94
1731935715263 1.5780236721038818 95
1731935715299 1.5771493911743164 96
1731935715335 1.5759817361831665 97
1731935715369 1.574449896812439 98
1731935715400 1.5724475383758545 99
1731935715435 1.5698010921478271 100
1731935715468 1.5661816596984863 101
1731935715504 1.5612781047821045 102
1731935715538 1.5612781047821045 103
