1731935712517 1.11747145652771 0
1731935712606 1.0772466659545898 1
1731935712636 1.0368820428848267 2
1731935712668 0.9260547161102295 3
1731935712700 0.8073821067810059 4
1731935712728 0.7692557573318481 5
1731935712755 0.7636467218399048 6
1731935712781 0.7557226419448853 7
1731935712803 0.7452354431152344 8
1731935712832 0.73186856508255 9
1731935712860 0.7152094841003418 10
1731935712887 0.6947077512741089 11
1731935712912 0.6696030497550964 12
1731935712937 0.6387958526611328 13
1731935712959 0.6005882024765015 14
1731935712986 0.552087664604187 15
1731935713012 0.487466037273407 16
1731935713037 0.3895616829395294 17
1731935713062 0.31522563099861145 18
1731935713091 0.30213475227355957 19
1731935713113 0.30325227975845337 20
1731935713139 0.3043319880962372 21
1731935713166 0.3053731322288513 22
1731935713198 0.3063749074935913 23
1731935713224 0.30733639001846313 24
1731935713249 0.3082566261291504 25
1731935713275 0.3091346025466919 26
1731935713299 0.30996930599212646 27
1731935713328 0.3107594847679138 28
1731935713353 0.311504065990448 29
1731935713379 0.3122016191482544 30
1731935713405 0.3128508925437927 31
1731935713430 0.31345033645629883 32
1731935713453 0.3139984607696533 33
1731935713479 0.3144935965538025 34
1731935713504 0.31493398547172546 35
1731935713529 0.31531769037246704 36
1731935713553 0.315642774105072 37
1731935713581 0.31590700149536133 38
1731935713608 0.3161081075668335 39
1731935713634 0.31624361872673035 40
1731935713660 0.316310852766037 41
1731935713687 0.3163069486618042 42
1731935713712 0.31622886657714844 43
1731935713737 0.3160732090473175 44
1731935713763 0.31583642959594727 45
1731935713789 0.31551456451416016 46
1731935713815 0.3151034414768219 47
1731935713842 0.3145984411239624 48
1731935713872 0.31399452686309814 49
1731935713898 0.313286155462265 50
1731935713921 0.3124673068523407 51
1731935713946 0.31153130531311035 52
1731935713971 0.3104707598686218 53
1731935713997 0.3092774748802185 54
1731935714021 0.307942271232605 55
1731935714045 0.30645495653152466 56
1731935714072 0.30480384826660156 57
1731935714098 0.3029758334159851 58
1731935714123 0.30095571279525757 59
1731935714147 0.29872605204582214 60
1731935714171 0.2962663769721985 61
1731935714197 0.2935524582862854 62
1731935714222 0.29055505990982056 63
1731935714247 0.28723815083503723 64
1731935714269 0.283556193113327 65
1731935714294 0.2794495224952698 66
1731935714321 0.2748355269432068 67
1731935714350 0.2695906460285187 68
1731935714387 0.2635033428668976 69
1731935714424 0.2560883164405823 70
1731935714466 0.2496175915002823 71
1731935714499 0.24924811720848083 72
1731935714535 0.24874478578567505 73
1731935714569 0.24810004234313965 74
1731935714604 0.24730554223060608 75
1731935714636 0.24635203182697296 76
1731935714684 0.2452293038368225 77
1731935714724 0.2439260184764862 78
1731935714758 0.24242955446243286 79
1731935714790 0.24072575569152832 80
1731935714821 0.23879867792129517 81
1731935714855 0.23663035035133362 82
1731935714887 0.2342003881931305 83
1731935714919 0.23148542642593384 84
1731935714949 0.22845867276191711 85
1731935714982 0.22508910298347473 86
1731935715012 0.22134043276309967 87
1731935715042 0.21717002987861633 88
1731935715071 0.2125270962715149 89
1731935715103 0.20735061168670654 90
1731935715134 0.20156601071357727 91
1731935715165 0.19508108496665955 92
1731935715195 0.18777942657470703 93
1731935715227 0.17951104044914246 94
1731935715266 0.17007724940776825 95
1731935715305 0.1592061072587967 96
1731935715339 0.14650896191596985 97
1731935715372 0.1313975751399994 98
1731935715403 0.11290609836578369 99
1731935715439 0.08923531323671341 100
1731935715472 0.056167032569646835 101
1731935715508 -0.0 102
1731935715541 -0.0 103
