1731935712520 2.0550365447998047 0
1731935712610 2.0550365447998047 1
1731935712639 2.0550365447998047 2
1731935712671 2.0550365447998047 3
1731935712703 2.0550365447998047 4
1731935712730 2.0550365447998047 5
1731935712757 2.0550365447998047 6
1731935712783 2.0550365447998047 7
1731935712807 2.0550365447998047 8
1731935712835 2.0550365447998047 9
1731935712862 2.0550365447998047 10
1731935712889 2.0550365447998047 11
1731935712914 2.0550365447998047 12
1731935712939 2.0550365447998047 13
1731935712963 2.0550365447998047 14
1731935712988 2.0550365447998047 15
1731935713014 2.0550365447998047 16
1731935713039 2.0550365447998047 17
1731935713065 2.0550365447998047 18
1731935713094 2.0550365447998047 19
1731935713116 2.0550365447998047 20
1731935713141 2.0550365447998047 21
1731935713169 2.0550365447998047 22
1731935713200 2.0550365447998047 23
1731935713226 2.0550365447998047 24
1731935713252 2.0550365447998047 25
1731935713278 2.0550365447998047 26
1731935713301 2.0550365447998047 27
1731935713330 2.0550365447998047 28
1731935713355 2.0550365447998047 29
1731935713381 2.0550365447998047 30
1731935713408 2.0550365447998047 31
1731935713433 2.0550365447998047 32
1731935713455 2.0550365447998047 33
1731935713481 2.0550365447998047 34
1731935713506 2.0550365447998047 35
1731935713532 2.0550365447998047 36
1731935713557 2.0550365447998047 37
1731935713584 2.0550365447998047 38
1731935713610 2.0550365447998047 39
1731935713636 2.0550365447998047 40
1731935713662 2.0550365447998047 41
1731935713689 2.0550365447998047 42
1731935713715 2.0550365447998047 43
1731935713741 2.0550365447998047 44
1731935713765 2.0550365447998047 45
1731935713792 2.0550365447998047 46
1731935713818 2.0550365447998047 47
1731935713845 2.0550365447998047 48
1731935713875 2.0550365447998047 49
1731935713901 2.0550365447998047 50
1731935713923 2.0550365447998047 51
1731935713949 2.0550365447998047 52
1731935713974 2.0550365447998047 53
1731935713999 2.0550365447998047 54
1731935714025 2.0550365447998047 55
1731935714047 2.0550365447998047 56
1731935714075 2.0550365447998047 57
1731935714100 2.0550365447998047 58
1731935714126 2.0550365447998047 59
1731935714151 2.0550365447998047 60
1731935714173 2.0550365447998047 61
1731935714199 2.0550365447998047 62
1731935714225 2.0550365447998047 63
1731935714250 2.0550365447998047 64
1731935714273 2.0550365447998047 65
1731935714296 2.0550365447998047 66
1731935714325 2.0550365447998047 67
1731935714354 2.0550365447998047 68
1731935714390 2.0550365447998047 69
1731935714431 2.0550365447998047 70
1731935714469 2.0550365447998047 71
1731935714502 2.0550365447998047 72
1731935714539 2.0550365447998047 73
1731935714574 2.0550365447998047 74
1731935714607 2.0550365447998047 75
1731935714641 2.0550365447998047 76
1731935714687 2.0550365447998047 77
1731935714728 2.0550365447998047 78
1731935714761 2.0550365447998047 79
1731935714793 2.0550365447998047 80
1731935714826 2.0550365447998047 81
1731935714858 2.0550365447998047 82
1731935714890 2.0550365447998047 83
1731935714922 2.0550365447998047 84
1731935714953 2.0550365447998047 85
1731935714985 2.0550365447998047 86
1731935715015 2.0550365447998047 87
1731935715044 2.0550365447998047 88
1731935715075 2.0550365447998047 89
1731935715106 2.0550365447998047 90
1731935715137 2.0550365447998047 91
1731935715167 2.0550365447998047 92
1731935715197 2.0550365447998047 93
1731935715231 2.0550365447998047 94
1731935715272 2.0550365447998047 95
1731935715309 2.0550365447998047 96
1731935715342 2.0550365447998047 97
1731935715375 2.0550365447998047 98
1731935715406 2.0550365447998047 99
1731935715443 2.0550365447998047 100
1731935715475 2.0550365447998047 101
1731935715512 2.0550365447998047 102
1731935715544 2.0550365447998047 103
