1731935712526 0.0 0
1731935712617 0.0 1
1731935712644 0.0 2
1731935712677 0.0 3
1731935712709 0.0 4
1731935712735 0.0 5
1731935712762 0.0 6
1731935712788 0.0 7
1731935712814 0.0 8
1731935712842 0.0 9
1731935712867 0.0 10
1731935712893 0.0 11
1731935712919 0.0 12
1731935712944 0.0 13
1731935712970 0.0 14
1731935712993 0.0 15
1731935713018 0.0 16
1731935713043 0.0 17
1731935713071 0.0 18
1731935713099 0.0 19
1731935713123 0.0 20
1731935713146 0.0 21
1731935713174 0.0 22
1731935713205 0.0 23
1731935713231 0.0 24
1731935713258 0.0 25
1731935713284 0.0 26
1731935713308 0.0 27
1731935713336 0.0 28
1731935713359 0.0 29
1731935713386 0.0 30
1731935713412 0.0 31
1731935713439 0.0 32
1731935713462 0.0 33
1731935713486 0.0 34
1731935713510 0.0 35
1731935713537 0.0 36
1731935713562 0.0 37
1731935713592 0.0 38
1731935713615 0.0 39
1731935713640 0.0 40
1731935713667 0.0 41
1731935713694 0.0 42
1731935713722 0.0 43
1731935713748 0.0 44
1731935713770 0.0 45
1731935713796 0.0 46
1731935713824 0.0 47
1731935713853 0.0 48
1731935713879 0.0 49
1731935713906 0.0 50
1731935713931 0.0 51
1731935713953 0.0 52
1731935713978 0.0 53
1731935714004 0.0 54
1731935714030 0.0 55
1731935714054 0.0 56
1731935714079 0.0 57
1731935714105 0.0 58
1731935714130 0.0 59
1731935714156 0.0 60
1731935714182 0.0 61
1731935714204 0.0 62
1731935714229 0.0 63
1731935714254 0.0 64
1731935714279 0.0 65
1731935714302 0.0 66
1731935714330 0.0 67
1731935714362 0.0 68
1731935714400 0.0 69
1731935714439 0.0 70
1731935714476 0.0 71
1731935714508 0.0 72
1731935714547 0.0 73
1731935714583 0.0 74
1731935714616 0.0 75
1731935714656 0.0 76
1731935714693 0.0 77
1731935714736 0.0 78
1731935714767 0.0 79
1731935714799 0.0 80
1731935714835 0.0 81
1731935714866 0.0 82
1731935714899 0.0 83
1731935714930 0.0 84
1731935714962 0.0 85
1731935714994 0.0 86
1731935715022 0.0 87
1731935715050 0.0 88
1731935715083 0.0 89
1731935715113 0.0 90
1731935715142 0.0 91
1731935715173 0.0 92
1731935715203 0.0 93
1731935715241 0.0 94
1731935715280 0.0 95
1731935715315 0.0 96
1731935715350 0.0 97
1731935715381 0.0 98
1731935715413 0.0 99
1731935715450 0.0 100
1731935715484 0.0 101
1731935715521 0.0 102
1731935715553 0.0 103
