1732020723434 0.39051318168640137 0
1732020723473 0.389880895614624 1
1732020723503 0.4655153751373291 2
1732020723528 0.48512864112854004 3
1732020723553 0.5338954925537109 4
1732020723580 0.5535604953765869 5
1732020723606 0.7605485916137695 6
1732020723632 0.7144250869750977 7
1732020723658 0.7178369760513306 8
1732020723683 0.6053135395050049 9
1732020723708 0.6259077787399292 10
1732020723733 0.7590335607528687 11
1732020723758 0.7297519445419312 12
1732020723784 0.7867159843444824 13
1732020723812 0.8902162313461304 14
1732020723840 0.7411972284317017 15
1732020723866 0.8969802856445312 16
1732020723891 0.9570174217224121 17
1732020723917 0.8499634265899658 18
1732020723944 0.7125470638275146 19
1732020723971 0.637976884841919 20
1732020723999 0.5734856128692627 21
1732020724025 0.31273913383483887 22
1732020724050 0.4857550859451294 23
1732020724077 0.43997061252593994 24
1732020724103 0.4687255620956421 25
1732020724130 0.496171236038208 26
1732020724158 0.5096676349639893 27
1732020724185 0.5598803758621216 28
1732020724213 0.3243669271469116 29
1732020724240 0.4042487144470215 30
1732020724266 0.4219849109649658 31
1732020724294 0.39204084873199463 32
1732020724321 0.502238392829895 33
1732020724348 0.5711995363235474 34
1732020724375 0.533155083656311 35
1732020724402 0.6138889789581299 36
1732020724431 0.6251462697982788 37
1732020724457 0.7150157690048218 38
1732020724482 0.7840462923049927 39
1732020724507 0.7581484317779541 40
1732020724533 0.6868667602539062 41
1732020724560 0.7108173370361328 42
1732020724587 0.6656737327575684 43
1732020724614 0.6095237731933594 44
1732020724639 0.6878806352615356 45
1732020724664 0.6480214595794678 46
1732020724689 0.6796197891235352 47
1732020724714 0.5375282764434814 48
1732020724740 0.5911422967910767 49
1732020724766 0.49559080600738525 50
1732020724791 0.31961488723754883 51
1732020724817 0.30380189418792725 52
1732020724843 0.3014262914657593 53
1732020724870 0.1714555025100708 54
1732020724896 0.22960853576660156 55
1732020724921 0.3232935667037964 56
1732020724947 0.19714391231536865 57
1732020724974 0.13816332817077637 58
1732020725000 0.09811592102050781 59
1732020725027 0.041657090187072754 60
1732020725055 0.022956013679504395 61
1732020725082 0.014029264450073242 62
1732020725109 0.009209156036376953 63
1732020725136 0.006390929222106934 64
1732020725162 0.0046318769454956055 65
1732020725187 0.0034695863723754883 66
1732020725212 0.0026612281799316406 67
1732020725239 0.002074599266052246 68
1732020725265 0.0016344785690307617 69
1732020725292 0.0012967586517333984 70
1732020725319 0.001032710075378418 71
1732020725345 0.0008244514465332031 72
1732020725371 0.0006589889526367188 73
1732020725396 0.0005271434783935547 74
1732020725422 0.0004214048385620117 75
1732020725449 0.00033664703369140625 76
1732020725474 0.00026917457580566406 77
1732020725499 0.00021469593048095703 78
1732020725524 0.00017142295837402344 79
1732020725549 0.0001366138458251953 80
1732020725576 0.00010907649993896484 81
1732020725603 8.678436279296875e-05 82
1732020725629 6.92605972290039e-05 83
1732020725654 5.507469177246094e-05 84
1732020725679 4.38690185546875e-05 85
1732020725705 3.4809112548828125e-05 86
1732020725731 2.765655517578125e-05 87
1732020725758 2.2172927856445312e-05 88
1732020725784 1.7523765563964844e-05 89
1732020725810 1.4185905456542969e-05 90
1732020725837 1.1086463928222656e-05 91
1732020725862 9.179115295410156e-06 92
1732020725888 6.9141387939453125e-06 93
1732020725914 5.4836273193359375e-06 94
1732020725940 4.649162292480469e-06 95
1732020725966 3.5762786865234375e-06 96
1732020725992 3.0994415283203125e-06 97
1732020726017 2.384185791015625e-06 98
1732020726043 2.1457672119140625e-06 99
1732020726069 1.430511474609375e-06 100
1732020726096 9.5367431640625e-07 101
1732020726123 1.0728836059570312e-06 102
1732020726148 8.344650268554688e-07 103
1732020726173 5.960464477539062e-07 104
1732020726198 7.152557373046875e-07 105
1732020726224 2.384185791015625e-07 106
1732020726250 9.5367431640625e-07 107
1732020726275 -1.1920928955078125e-07 108
1732020726300 2.384185791015625e-07 109
1732020726327 4.76837158203125e-07 110
1732020726353 -3.5762786865234375e-07 111
1732020726379 1.1920928955078125e-07 112
1732020726405 2.384185791015625e-07 113
1732020726432 4.76837158203125e-07 114
1732020726458 4.76837158203125e-07 115
1732020726483 -2.384185791015625e-07 116
1732020726507 0.0 117
1732020726533 0.0 118
1732020726559 0.0 119
1732020726586 1.1920928955078125e-07 120
1732020726611 2.384185791015625e-07 121
1732020726637 4.76837158203125e-07 122
1732020726661 4.76837158203125e-07 123
1732020726687 -1.1920928955078125e-07 124
1732020726712 0.0 125
1732020726737 3.5762786865234375e-07 126
1732020726762 -1.1920928955078125e-07 127
1732020726786 -1.1920928955078125e-07 128
1732020726813 -2.384185791015625e-07 129
1732020726839 -1.1920928955078125e-07 130
1732020726865 -1.1920928955078125e-07 131
1732020726891 -2.384185791015625e-07 132
1732020726916 -1.1920928955078125e-07 133
1732020726941 1.1920928955078125e-07 134
1732020726967 -1.1920928955078125e-07 135
1732020726992 1.1920928955078125e-07 136
1732020727018 0.0 137
1732020727043 1.1920928955078125e-07 138
1732020727068 1.1920928955078125e-07 139
