1732020723437 2e-05 0
1732020723475 0.7591444849967957 1
1732020723505 0.8330081701278687 2
1732020723531 0.7186933159828186 3
1732020723556 0.8180951476097107 4
1732020723583 0.7536349892616272 5
1732020723608 0.7109681367874146 6
1732020723634 0.6654801964759827 7
1732020723660 0.7454673647880554 8
1732020723685 0.7901861071586609 9
1732020723711 0.7648435831069946 10
1732020723735 0.6058968901634216 11
1732020723761 0.6185088157653809 12
1732020723787 0.7248756885528564 13
1732020723815 0.6413732767105103 14
1732020723843 0.6886700391769409 15
1732020723869 0.732281506061554 16
1732020723894 0.7117765545845032 17
1732020723919 0.7463781833648682 18
1732020723946 0.7871477007865906 19
1732020723974 0.78257817029953 20
1732020724001 0.6854445338249207 21
1732020724027 0.7762484550476074 22
1732020724053 0.7427594065666199 23
1732020724081 0.8398035168647766 24
1732020724105 0.8115264773368835 25
1732020724132 0.7697473764419556 26
1732020724160 0.6587653756141663 27
1732020724188 0.7647219896316528 28
1732020724216 0.8553492426872253 29
1732020724243 0.8185650110244751 30
1732020724269 0.7909592986106873 31
1732020724297 0.860942542552948 32
1732020724324 0.7828758358955383 33
1732020724350 0.8093649744987488 34
1732020724378 0.6854498386383057 35
1732020724405 0.8278520107269287 36
1732020724433 0.7245156764984131 37
1732020724459 0.7356033325195312 38
1732020724485 0.7797166705131531 39
1732020724510 0.7595284581184387 40
1732020724535 0.6915731430053711 41
1732020724562 0.6880444884300232 42
1732020724590 0.569585919380188 43
1732020724616 0.7600947618484497 44
1732020724642 0.6339050531387329 45
1732020724667 0.7365096211433411 46
1732020724691 0.7083770632743835 47
1732020724717 0.7984358668327332 48
1732020724742 0.7083035111427307 49
1732020724768 0.718212902545929 50
1732020724794 0.830621600151062 51
1732020724820 0.8413118124008179 52
1732020724846 0.8241737484931946 53
1732020724872 0.7140582203865051 54
1732020724898 0.8804551362991333 55
1732020724924 0.7942014336585999 56
1732020724950 0.8615842461585999 57
1732020724977 0.8567320704460144 58
1732020725003 0.8809102773666382 59
1732020725030 0.27961835265159607 60
1732020725057 0.14985696971416473 61
1732020725085 0.1019127368927002 62
1732020725112 0.07417424768209457 63
1732020725138 0.056299470365047455 64
1732020725164 0.04417654126882553 65
1732020725190 0.03569858521223068 66
1732020725215 0.029613424092531204 67
1732020725241 0.025116652250289917 68
1732020725267 0.021679259836673737 69
1732020725295 0.018955975770950317 70
1732020725321 0.01672488823533058 71
1732020725348 0.01484494749456644 72
1732020725374 0.013226394541561604 73
1732020725399 0.011811228469014168 74
1732020725425 0.010560903698205948 75
1732020725451 0.00944873970001936 76
1732020725477 0.008455254137516022 77
1732020725502 0.007565667852759361 78
1732020725527 0.006768086925148964 79
1732020725551 0.0060526407323777676 80
1732020725579 0.005410886835306883 81
1732020725605 0.004835365805774927 82
1732020725631 0.004319541156291962 83
1732020725657 0.0038574892096221447 84
1732020725682 0.0034438420552760363 85
1732020725708 0.003073807805776596 86
1732020725734 0.002742965007200837 87
1732020725760 0.002447300823405385 88
1732020725786 0.0021832853090018034 89
1732020725813 0.0019475913140922785 90
1732020725840 0.0017373233567923307 91
1732020725865 0.0015497168060392141 92
1732020725890 0.0013824619818478823 93
1732020725916 0.001233355375006795 94
1732020725943 0.001100436900742352 95
1732020725969 0.0009820034028962255 96
1732020725994 0.0008764510857872665 97
1732020726020 0.0007823790656402707 98
1732020726045 0.0006985504296608269 99
1732020726072 0.0006238397327251732 100
1732020726099 0.0005572559894062579 101
1732020726125 0.0004979101358912885 102
1732020726150 0.0004449931439012289 103
1732020726176 0.00039781120722182095 104
1732020726200 0.00035574258072301745 105
1732020726226 0.0003181985521223396 106
1732020726252 0.00028469134122133255 107
1732020726277 0.00025481684133410454 108
1732020726303 0.00022812622773926705 109
1732020726330 0.00020430321455933154 110
1732020726356 0.00018301747331861407 111
1732020726381 0.00016397750005126 112
1732020726408 0.00014698298764415085 113
1732020726434 0.000131785825942643 114
1732020726461 0.00011819690553238615 115
1732020726486 0.00010604812268866226 116
1732020726510 9.516040881862864e-05 117
1732020726535 8.542966679669917e-05 118
1732020726561 7.669271144550294e-05 119
1732020726589 6.886570918140933e-05 120
1732020726614 6.18707636022009e-05 121
1732020726639 5.558540942729451e-05 122
1732020726663 4.9951879191212356e-05 123
1732020726689 4.491848812904209e-05 124
1732020726715 4.038613406009972e-05 125
1732020726740 3.634103268268518e-05 126
1732020726764 3.269951412221417e-05 127
1732020726789 2.9427221306832507e-05 128
1732020726815 2.6472494937479496e-05 129
1732020726842 2.3834658350097016e-05 130
1732020726868 2.147514715034049e-05 131
1732020726893 1.9312157746753655e-05 132
1732020726919 1.7387854313710704e-05 133
1732020726943 1.567714753036853e-05 134
1732020726969 1.4129396731732413e-05 135
1732020726995 1.2732996765407734e-05 136
1732020727020 1.1478972737677395e-05 137
1732020727046 1.0334898433939088e-05 138
1732020727071 9.337334631709382e-06 139
