1732020723439 2e-05 0
1732020723479 -0.0006322860717773438 1
1732020723507 0.07563447952270508 2
1732020723533 0.019613265991210938 3
1732020723559 0.0487668514251709 4
1732020723585 0.019665002822875977 5
1732020723611 0.20698809623718262 6
1732020723636 -0.046123504638671875 7
1732020723662 0.00341188907623291 8
1732020723688 -0.11252343654632568 9
1732020723713 0.020594239234924316 10
1732020723737 0.13312578201293945 11
1732020723763 -0.0292816162109375 12
1732020723789 0.05696403980255127 13
1732020723818 0.10350024700164795 14
1732020723846 -0.1490190029144287 15
1732020723871 0.1557830572128296 16
1732020723897 0.06003713607788086 17
1732020723921 -0.10705399513244629 18
1732020723949 -0.13741636276245117 19
1732020723976 -0.0745701789855957 20
1732020724003 -0.06449127197265625 21
1732020724030 -0.26074647903442383 22
1732020724055 0.17301595211029053 23
1732020724083 -0.04578447341918945 24
1732020724108 0.02875494956970215 25
1732020724135 0.027445673942565918 26
1732020724162 0.01349639892578125 27
1732020724190 0.050212740898132324 28
1732020724218 -0.23551344871520996 29
1732020724245 0.07988178730010986 30
1732020724272 0.017736196517944336 31
1732020724300 -0.02994406223297119 32
1732020724327 0.11019754409790039 33
1732020724352 0.06896114349365234 34
1732020724380 -0.03804445266723633 35
1732020724407 0.08073389530181885 36
1732020724436 0.011257290840148926 37
1732020724462 0.08986949920654297 38
1732020724487 0.0690305233001709 39
1732020724513 -0.025897860527038574 40
1732020724537 -0.07128167152404785 41
1732020724565 0.023950576782226562 42
1732020724592 -0.04514360427856445 43
1732020724618 -0.056149959564208984 44
1732020724644 0.07835686206817627 45
1732020724669 -0.03985917568206787 46
1732020724693 0.03159832954406738 47
1732020724719 -0.1420915126800537 48
1732020724745 0.053614020347595215 49
1732020724770 -0.0955514907836914 50
1732020724796 -0.17597591876983643 51
1732020724822 -0.015812993049621582 52
1732020724849 -0.0023756027221679688 53
1732020724874 -0.12997078895568848 54
1732020724900 0.05815303325653076 55
1732020724926 0.09368503093719482 56
1732020724952 -0.12614965438842773 57
1732020724980 -0.058980584144592285 58
1732020725006 -0.040047407150268555 59
1732020725033 -0.05645883083343506 60
1732020725059 -0.01870107650756836 61
1732020725087 -0.008926749229431152 62
1732020725114 -0.004820108413696289 63
1732020725140 -0.0028182268142700195 64
1732020725166 -0.0017590522766113281 65
1732020725192 -0.0011622905731201172 66
1732020725218 -0.0008083581924438477 67
1732020725243 -0.0005866289138793945 68
1732020725270 -0.0004401206970214844 69
1732020725297 -0.0003377199172973633 70
1732020725324 -0.00026404857635498047 71
1732020725350 -0.00020825862884521484 72
1732020725376 -0.00016546249389648438 73
1732020725402 -0.00013184547424316406 74
1732020725427 -0.00010573863983154297 75
1732020725453 -8.475780487060547e-05 76
1732020725479 -6.747245788574219e-05 77
1732020725504 -5.447864532470703e-05 78
1732020725529 -4.3272972106933594e-05 79
1732020725554 -3.4809112548828125e-05 80
1732020725581 -2.753734588623047e-05 81
1732020725608 -2.2292137145996094e-05 82
1732020725634 -1.7523765563964844e-05 83
1732020725659 -1.4185905456542969e-05 84
1732020725685 -1.1205673217773438e-05 85
1732020725711 -9.059906005859375e-06 86
1732020725736 -7.152557373046875e-06 87
1732020725762 -5.4836273193359375e-06 88
1732020725788 -4.649162292480469e-06 89
1732020725816 -3.337860107421875e-06 90
1732020725842 -3.0994415283203125e-06 91
1732020725867 -1.9073486328125e-06 92
1732020725892 -2.2649765014648438e-06 93
1732020725918 -1.430511474609375e-06 94
1732020725945 -8.344650268554688e-07 95
1732020725971 -1.0728836059570312e-06 96
1732020725997 -4.76837158203125e-07 97
1732020726023 -7.152557373046875e-07 98
1732020726047 -2.384185791015625e-07 99
1732020726074 -7.152557373046875e-07 100
1732020726101 -4.76837158203125e-07 101
1732020726127 1.1920928955078125e-07 102
1732020726153 -2.384185791015625e-07 103
1732020726178 -2.384185791015625e-07 104
1732020726203 1.1920928955078125e-07 105
1732020726228 -4.76837158203125e-07 106
1732020726254 7.152557373046875e-07 107
1732020726279 -1.0728836059570312e-06 108
1732020726305 3.5762786865234375e-07 109
1732020726333 2.384185791015625e-07 110
1732020726359 -8.344650268554688e-07 111
1732020726383 4.76837158203125e-07 112
1732020726410 1.1920928955078125e-07 113
1732020726437 2.384185791015625e-07 114
1732020726463 0.0 115
1732020726488 -7.152557373046875e-07 116
1732020726513 2.384185791015625e-07 117
1732020726537 0.0 118
1732020726563 0.0 119
1732020726591 1.1920928955078125e-07 120
1732020726616 1.1920928955078125e-07 121
1732020726642 2.384185791015625e-07 122
1732020726666 0.0 123
1732020726691 -5.960464477539062e-07 124
1732020726717 1.1920928955078125e-07 125
1732020726742 3.5762786865234375e-07 126
1732020726767 -4.76837158203125e-07 127
1732020726792 0.0 128
1732020726818 -1.1920928955078125e-07 129
1732020726844 1.1920928955078125e-07 130
1732020726870 0.0 131
1732020726896 -1.1920928955078125e-07 132
1732020726921 1.1920928955078125e-07 133
1732020726946 2.384185791015625e-07 134
1732020726971 -2.384185791015625e-07 135
1732020726997 2.384185791015625e-07 136
1732020727022 -1.1920928955078125e-07 137
1732020727048 1.1920928955078125e-07 138
1732020727074 0.0 139
