1732020723449 2.317260265350342 0
1732020723489 2.2799947261810303 1
1732020723515 2.2429072856903076 2
1732020723541 2.2940640449523926 3
1732020723568 2.242854356765747 4
1732020723594 2.2829973697662354 5
1732020723620 2.239367961883545 6
1732020723644 2.234276294708252 7
1732020723670 2.2387123107910156 8
1732020723696 2.26335072517395 9
1732020723721 2.29266619682312 10
1732020723746 2.295964241027832 11
1732020723772 2.288688898086548 12
1732020723798 2.300156354904175 13
1732020723827 2.3028717041015625 14
1732020723853 2.3081886768341064 15
1732020723879 2.296583652496338 16
1732020723905 2.285413980484009 17
1732020723931 2.2937393188476562 18
1732020723959 2.262079954147339 19
1732020723986 2.253511667251587 20
1732020724011 2.2835731506347656 21
1732020724038 2.3060450553894043 22
1732020724064 2.2969186305999756 23
1732020724091 2.304957151412964 24
1732020724117 2.2739102840423584 25
1732020724145 2.259629249572754 26
1732020724172 2.260857105255127 27
1732020724198 2.284280300140381 28
1732020724226 2.2861456871032715 29
1732020724253 2.332503318786621 30
1732020724280 2.335731267929077 31
1732020724308 2.3512930870056152 32
1732020724335 2.323195219039917 33
1732020724362 2.3303041458129883 34
1732020724390 2.326289415359497 35
1732020724416 2.3089499473571777 36
1732020724443 2.3026814460754395 37
1732020724469 2.2761964797973633 38
1732020724495 2.2513620853424072 39
1732020724521 2.241147756576538 40
1732020724547 2.2251710891723633 41
1732020724574 2.2135393619537354 42
1732020724600 2.215912342071533 43
1732020724626 2.271904230117798 44
1732020724652 2.2711873054504395 45
1732020724677 2.285785675048828 46
1732020724702 2.2566232681274414 47
1732020724728 2.284951686859131 48
1732020724752 2.2843728065490723 49
1732020724778 2.296632766723633 50
1732020724803 2.3185133934020996 51
1732020724831 2.3294548988342285 52
1732020724857 2.3383452892303467 53
1732020724883 2.3363289833068848 54
1732020724908 2.3390753269195557 55
1732020724934 2.338646411895752 56
1732020724961 2.343080759048462 57
1732020724987 2.3461666107177734 58
1732020725014 2.3511831760406494 59
1732020725042 2.355854034423828 60
1732020725069 2.3576743602752686 61
1732020725097 2.358632802963257 62
1732020725121 2.3592629432678223 63
1732020725148 2.359733819961548 64
1732020725174 2.3601083755493164 65
1732020725200 2.360414981842041 66
1732020725226 2.360668182373047 67
1732020725252 2.360877275466919 68
1732020725279 2.3610501289367676 69
1732020725305 2.3611931800842285 70
1732020725332 2.3613102436065674 71
1732020725358 2.3614065647125244 72
1732020725384 2.361485004425049 73
1732020725410 2.361548900604248 74
1732020725436 2.3616011142730713 75
1732020725461 2.3616435527801514 76
1732020725486 2.361677408218384 77
1732020725512 2.3617048263549805 78
1732020725537 2.361726999282837 79
1732020725563 2.3617448806762695 80
1732020725590 2.3617591857910156 81
1732020725615 2.3617706298828125 82
1732020725641 2.3617799282073975 83
1732020725667 2.3617870807647705 84
1732020725693 2.361792802810669 85
1732020725719 2.361797571182251 86
1732020725745 2.3618011474609375 87
1732020725771 2.361804246902466 88
1732020725796 2.361806631088257 89
1732020725824 2.3618085384368896 90
1732020725850 2.361809730529785 91
1732020725875 2.3618109226226807 92
1732020725902 2.361812114715576 93
1732020725928 2.3618125915527344 94
1732020725953 2.3618133068084717 95
1732020725979 2.36181378364563 96
1732020726005 2.361814022064209 97
1732020726031 2.3618147373199463 98
1732020726056 2.3618147373199463 99
1732020726084 2.3618147373199463 100
1732020726109 2.3618149757385254 101
1732020726135 2.3618152141571045 102
1732020726160 2.3618154525756836 103
1732020726186 2.3618154525756836 104
1732020726212 2.3618154525756836 105
1732020726237 2.3618154525756836 106
1732020726261 2.3618156909942627 107
1732020726287 2.3618154525756836 108
1732020726313 2.3618154525756836 109
1732020726341 2.3618156909942627 110
1732020726367 2.3618156909942627 111
1732020726393 2.3618154525756836 112
1732020726418 2.3618156909942627 113
1732020726444 2.3618156909942627 114
1732020726470 2.3618156909942627 115
1732020726495 2.3618156909942627 116
1732020726521 2.3618156909942627 117
1732020726546 2.3618154525756836 118
1732020726572 2.3618156909942627 119
1732020726598 2.3618156909942627 120
1732020726624 2.3618156909942627 121
1732020726649 2.3618154525756836 122
1732020726675 2.361816167831421 123
1732020726700 2.3618156909942627 124
1732020726724 2.361815929412842 125
1732020726749 2.361815929412842 126
1732020726774 2.3618156909942627 127
1732020726800 2.3618156909942627 128
1732020726827 2.3618156909942627 129
1732020726853 2.361815929412842 130
1732020726878 2.3618156909942627 131
1732020726904 2.361815929412842 132
1732020726929 2.3618156909942627 133
1732020726954 2.3618156909942627 134
1732020726980 2.3618156909942627 135
1732020727004 2.3618156909942627 136
1732020727030 2.361815929412842 137
1732020727056 2.361815929412842 138
1732020727082 2.361815929412842 139
