1732020723441 1.9766788482666016 0
1732020723482 1.9769039154052734 1
1732020723509 1.9534461498260498 2
1732020723535 1.9442310333251953 3
1732020723561 1.9303865432739258 4
1732020723588 1.9321867227554321 5
1732020723613 1.9387214183807373 6
1732020723638 1.9199533462524414 7
1732020723664 1.9531221389770508 8
1732020723690 1.9669275283813477 9
1732020723715 1.9458369016647339 10
1732020723740 1.9339396953582764 11
1732020723765 1.910771131515503 12
1732020723791 1.9282976388931274 13
1732020723820 1.9311610460281372 14
1732020723848 1.9717676639556885 15
1732020723873 1.9925459623336792 16
1732020723899 1.9954454898834229 17
1732020723925 1.9964996576309204 18
1732020723950 1.9962654113769531 19
1732020723978 1.998095989227295 20
1732020724005 1.9882957935333252 21
1732020724032 1.9957411289215088 22
1732020724058 1.9897265434265137 23
1732020724085 1.9979865550994873 24
1732020724111 1.974219560623169 25
1732020724137 1.9787580966949463 26
1732020724164 1.9895598888397217 27
1732020724192 1.9955558776855469 28
1732020724220 1.9876456260681152 29
1732020724247 1.9856218099594116 30
1732020724274 1.958672046661377 31
1732020724302 1.9610378742218018 32
1732020724329 1.9389777183532715 33
1732020724355 1.9577689170837402 34
1732020724382 1.9754657745361328 35
1732020724409 1.9210703372955322 36
1732020724438 1.9394456148147583 37
1732020724464 1.8981541395187378 38
1732020724489 1.867706060409546 39
1732020724515 1.892592430114746 40
1732020724540 1.8833589553833008 41
1732020724567 1.8953914642333984 42
1732020724594 1.873845100402832 43
1732020724620 1.8545172214508057 44
1732020724646 1.8743823766708374 45
1732020724671 1.8160914182662964 46
1732020724696 1.8101632595062256 47
1732020724721 1.805137038230896 48
1732020724746 1.7835240364074707 49
1732020724772 1.874056100845337 50
1732020724798 1.9147920608520508 51
1732020724824 1.9563300609588623 52
1732020724851 1.9554474353790283 53
1732020724876 1.9450998306274414 54
1732020724902 1.9660539627075195 55
1732020724928 1.9672044515609741 56
1732020724954 1.978322148323059 57
1732020724982 1.9894870519638062 58
1732020725008 1.988401174545288 59
1732020725035 1.9868543148040771 60
1732020725062 1.9856525659561157 61
1732020725089 1.9849529266357422 62
1732020725116 1.9845906496047974 63
1732020725142 1.984421730041504 64
1732020725168 1.9843573570251465 65
1732020725194 1.984346866607666 66
1732020725220 1.9843621253967285 67
1732020725245 1.9843884706497192 68
1732020725272 1.9844179153442383 69
1732020725299 1.9844470024108887 70
1732020725326 1.984473705291748 71
1732020725352 1.9844979047775269 72
1732020725378 1.984519362449646 73
1732020725404 1.9845383167266846 74
1732020725429 1.9845547676086426 75
1732020725455 1.9845693111419678 76
1732020725481 1.9845821857452393 77
1732020725506 1.9845935106277466 78
1732020725531 1.9846036434173584 79
1732020725557 1.9846127033233643 80
1732020725583 1.9846208095550537 81
1732020725610 1.9846278429031372 82
1732020725636 1.9846343994140625 83
1732020725661 1.984640121459961 84
1732020725687 1.9846453666687012 85
1732020725713 1.9846500158309937 86
1732020725738 1.984654188156128 87
1732020725764 1.9846580028533936 88
1732020725790 1.98466157913208 89
1732020725818 1.9846646785736084 90
1732020725844 1.984667420387268 91
1732020725870 1.9846701622009277 92
1732020725895 1.9846724271774292 93
1732020725920 1.9846745729446411 94
1732020725947 1.984676480293274 95
1732020725973 1.9846781492233276 96
1732020725999 1.9846798181533813 97
1732020726025 1.984681248664856 98
1732020726050 1.9846824407577515 99
1732020726076 1.9846835136413574 100
1732020726103 1.9846844673156738 101
1732020726129 1.9846856594085693 102
1732020726155 1.9846863746643066 103
1732020726180 1.984687089920044 104
1732020726206 1.9846879243850708 105
1732020726230 1.984688639640808 106
1732020726256 1.9846892356872559 107
1732020726281 1.984689474105835 108
1732020726307 1.9846900701522827 109
1732020726335 1.9846904277801514 110
1732020726361 1.98469078540802 111
1732020726386 1.9846911430358887 112
1732020726412 1.9846915006637573 113
1732020726439 1.984691858291626 114
1732020726465 1.984692096710205 115
1732020726490 1.9846922159194946 116
1732020726515 1.9846924543380737 117
1732020726539 1.9846925735473633 118
1732020726565 1.9846928119659424 119
1732020726593 1.9846928119659424 120
1732020726618 1.984692931175232 121
1732020726644 1.9846932888031006 122
1732020726668 1.9846932888031006 123
1732020726693 1.9846932888031006 124
1732020726719 1.9846934080123901 125
1732020726744 1.9846936464309692 126
1732020726769 1.9846936464309692 127
1732020726795 1.9846937656402588 128
1732020726820 1.9846937656402588 129
1732020726846 1.9846938848495483 130
1732020726872 1.9846938848495483 131
1732020726898 1.9846938848495483 132
1732020726923 1.9846938848495483 133
1732020726948 1.984694004058838 134
1732020726973 1.9846938848495483 135
1732020726999 1.9846941232681274 136
1732020727024 1.9846941232681274 137
1732020727050 1.9846941232681274 138
1732020727076 1.9846941232681274 139
