1732020723444 1.5861656665802002 0
1732020723484 1.5870230197906494 1
1732020723511 1.4879307746887207 2
1732020723537 1.4591023921966553 3
1732020723563 1.3964910507202148 4
1732020723590 1.3786262273788452 5
1732020723615 1.1781728267669678 6
1732020723640 1.2055282592773438 7
1732020723666 1.2352851629257202 8
1732020723692 1.3616139888763428 9
1732020723717 1.3199291229248047 10
1732020723743 1.1749061346054077 11
1732020723767 1.1810191869735718 12
1732020723793 1.141581654548645 13
1732020723823 1.0409448146820068 14
1732020723850 1.2305704355239868 15
1732020723875 1.095565676689148 16
1732020723901 1.0384280681610107 17
1732020723927 1.1465362310409546 18
1732020723953 1.2837183475494385 19
1732020723980 1.360119104385376 20
1732020724007 1.4148101806640625 21
1732020724034 1.68300199508667 22
1732020724060 1.5039714574813843 23
1732020724087 1.5580159425735474 24
1732020724113 1.5054939985275269 25
1732020724140 1.4825868606567383 26
1732020724166 1.4798922538757324 27
1732020724194 1.4356755018234253 28
1732020724222 1.6632786989212036 29
1732020724249 1.5813730955123901 30
1732020724276 1.5366871356964111 31
1732020724304 1.5689970254898071 32
1732020724331 1.4367393255233765 33
1732020724358 1.3865693807601929 34
1732020724384 1.4423106908798218 35
1732020724412 1.3071813583374023 36
1732020724439 1.3142993450164795 37
1732020724466 1.183138370513916 38
1732020724491 1.0836597681045532 39
1732020724517 1.134443998336792 40
1732020724543 1.1964921951293945 41
1732020724569 1.1845741271972656 42
1732020724596 1.2081713676452637 43
1732020724622 1.2449934482574463 44
1732020724648 1.1865017414093018 45
1732020724673 1.1680699586868286 46
1732020724698 1.1305434703826904 47
1732020724723 1.2676087617874146 48
1732020724748 1.192381739616394 49
1732020724774 1.3784652948379517 50
1732020724800 1.595177173614502 51
1732020724827 1.652528166770935 52
1732020724853 1.654021143913269 53
1732020724878 1.7736443281173706 54
1732020724904 1.736445426940918 55
1732020724930 1.6439108848571777 56
1732020724956 1.7811782360076904 57
1732020724984 1.8513237237930298 58
1732020725010 1.8902852535247803 59
1732020725038 1.9451972246170044 60
1732020725064 1.9626965522766113 61
1732020725091 1.970923662185669 62
1732020725118 1.9753814935684204 63
1732020725144 1.978030800819397 64
1732020725170 1.9797254800796509 65
1732020725196 1.9808772802352905 66
1732020725222 1.9817008972167969 67
1732020725248 1.982313871383667 68
1732020725274 1.9827834367752075 69
1732020725301 1.9831502437591553 70
1732020725328 1.9834409952163696 71
1732020725354 1.9836734533309937 72
1732020725380 1.9838603734970093 73
1732020725406 1.984011173248291 74
1732020725431 1.9841333627700806 75
1732020725457 1.9842326641082764 76
1732020725483 1.9843130111694336 77
1732020725508 1.9843788146972656 78
1732020725533 1.9844322204589844 79
1732020725559 1.984476089477539 80
1732020725585 1.9845117330551147 81
1732020725611 1.9845410585403442 82
1732020725637 1.9845651388168335 83
1732020725663 1.9845850467681885 84
1732020725689 1.9846014976501465 85
1732020725715 1.9846152067184448 86
1732020725741 1.9846265316009521 87
1732020725766 1.984635829925537 88
1732020725792 1.9846440553665161 89
1732020725820 1.9846504926681519 90
1732020725846 1.9846563339233398 91
1732020725871 1.9846609830856323 92
1732020725897 1.9846655130386353 93
1732020725922 1.9846690893173218 94
1732020725949 1.9846718311309814 95
1732020725975 1.9846745729446411 96
1732020726001 1.984676718711853 97
1732020726027 1.984678864479065 98
1732020726052 1.9846802949905396 99
1732020726079 1.9846820831298828 100
1732020726105 1.9846835136413574 101
1732020726131 1.9846845865249634 102
1732020726157 1.9846855401992798 103
1732020726182 1.9846864938735962 104
1732020726208 1.9846872091293335 105
1732020726232 1.984688401222229 106
1732020726258 1.9846882820129395 107
1732020726283 1.9846895933151245 108
1732020726309 1.9846898317337036 109
1732020726337 1.9846899509429932 110
1732020726363 1.9846911430358887 111
1732020726389 1.9846910238265991 112
1732020726414 1.9846912622451782 113
1732020726441 1.9846913814544678 114
1732020726467 1.9846916198730469 115
1732020726492 1.9846924543380737 116
1732020726517 1.9846924543380737 117
1732020726541 1.9846925735473633 118
1732020726568 1.9846928119659424 119
1732020726595 1.9846926927566528 120
1732020726620 1.9846926927566528 121
1732020726645 1.9846928119659424 122
1732020726671 1.9846928119659424 123
1732020726695 1.9846934080123901 124
1732020726720 1.9846934080123901 125
1732020726746 1.9846932888031006 126
1732020726771 1.9846937656402588 127
1732020726797 1.9846938848495483 128
1732020726823 1.984694004058838 129
1732020726848 1.984694004058838 130
1732020726874 1.984694004058838 131
1732020726900 1.9846941232681274 132
1732020726925 1.984694004058838 133
1732020726950 1.9846938848495483 134
1732020726976 1.984694004058838 135
1732020727001 1.984694004058838 136
1732020727026 1.9846941232681274 137
1732020727052 1.984694004058838 138
1732020727078 1.984694004058838 139
