1732020723446 2.014693021774292 0
1732020723486 2.014693021774292 1
1732020723513 2.014693021774292 2
1732020723539 2.014693021774292 3
1732020723566 2.014693021774292 4
1732020723592 2.014693021774292 5
1732020723618 2.014693021774292 6
1732020723642 2.014693021774292 7
1732020723668 2.014693021774292 8
1732020723694 2.014693021774292 9
1732020723719 2.014693021774292 10
1732020723745 2.014693021774292 11
1732020723770 2.014693021774292 12
1732020723796 2.014693021774292 13
1732020723825 2.014693021774292 14
1732020723851 2.014693021774292 15
1732020723877 2.014693021774292 16
1732020723903 2.014693021774292 17
1732020723929 2.014693021774292 18
1732020723956 2.014693021774292 19
1732020723982 2.014693021774292 20
1732020724009 2.014693021774292 21
1732020724036 2.014693021774292 22
1732020724062 2.014693021774292 23
1732020724089 2.014693021774292 24
1732020724115 2.014693021774292 25
1732020724143 2.014693021774292 26
1732020724169 2.014693021774292 27
1732020724196 2.014693021774292 28
1732020724224 2.014693021774292 29
1732020724251 2.014693021774292 30
1732020724278 2.014693021774292 31
1732020724306 2.014693021774292 32
1732020724333 2.014693021774292 33
1732020724360 2.014693021774292 34
1732020724387 2.014693021774292 35
1732020724414 2.014693021774292 36
1732020724441 2.014693021774292 37
1732020724467 2.014693021774292 38
1732020724493 2.014693021774292 39
1732020724519 2.014693021774292 40
1732020724545 2.014693021774292 41
1732020724571 2.014693021774292 42
1732020724598 2.014693021774292 43
1732020724624 2.014693021774292 44
1732020724650 2.014693021774292 45
1732020724675 2.014693021774292 46
1732020724700 2.014693021774292 47
1732020724726 2.014693021774292 48
1732020724750 2.014693021774292 49
1732020724776 2.014693021774292 50
1732020724802 2.014693021774292 51
1732020724829 2.014693021774292 52
1732020724855 2.014693021774292 53
1732020724881 2.014693021774292 54
1732020724906 2.014693021774292 55
1732020724932 2.014693021774292 56
1732020724958 2.014693021774292 57
1732020724986 2.014693021774292 58
1732020725012 2.014693021774292 59
1732020725040 2.014693021774292 60
1732020725067 2.014693021774292 61
1732020725094 2.014693021774292 62
1732020725119 2.014693021774292 63
1732020725146 2.014693021774292 64
1732020725172 2.014693021774292 65
1732020725198 2.014693021774292 66
1732020725224 2.014693021774292 67
1732020725250 2.014693021774292 68
1732020725276 2.014693021774292 69
1732020725303 2.014693021774292 70
1732020725330 2.014693021774292 71
1732020725356 2.014693021774292 72
1732020725382 2.014693021774292 73
1732020725408 2.014693021774292 74
1732020725434 2.014693021774292 75
1732020725459 2.014693021774292 76
1732020725485 2.014693021774292 77
1732020725510 2.014693021774292 78
1732020725535 2.014693021774292 79
1732020725561 2.014693021774292 80
1732020725587 2.014693021774292 81
1732020725613 2.014693021774292 82
1732020725639 2.014693021774292 83
1732020725665 2.014693021774292 84
1732020725691 2.014693021774292 85
1732020725717 2.014693021774292 86
1732020725743 2.014693021774292 87
1732020725768 2.014693021774292 88
1732020725794 2.014693021774292 89
1732020725822 2.014693021774292 90
1732020725848 2.014693021774292 91
1732020725874 2.014693021774292 92
1732020725900 2.014693021774292 93
1732020725925 2.014693021774292 94
1732020725951 2.014693021774292 95
1732020725977 2.014693021774292 96
1732020726003 2.014693021774292 97
1732020726029 2.014693021774292 98
1732020726054 2.014693021774292 99
1732020726082 2.014693021774292 100
1732020726107 2.014693021774292 101
1732020726133 2.014693021774292 102
1732020726158 2.014693021774292 103
1732020726184 2.014693021774292 104
1732020726210 2.014693021774292 105
1732020726235 2.014693021774292 106
1732020726260 2.014693021774292 107
1732020726285 2.014693021774292 108
1732020726311 2.014693021774292 109
1732020726339 2.014693021774292 110
1732020726365 2.014693021774292 111
1732020726391 2.014693021774292 112
1732020726416 2.014693021774292 113
1732020726443 2.014693021774292 114
1732020726469 2.014693021774292 115
1732020726494 2.014693021774292 116
1732020726519 2.014693021774292 117
1732020726544 2.014693021774292 118
1732020726570 2.014693021774292 119
1732020726597 2.014693021774292 120
1732020726622 2.014693021774292 121
1732020726647 2.014693021774292 122
1732020726673 2.014693021774292 123
1732020726697 2.014693021774292 124
1732020726722 2.014693021774292 125
1732020726747 2.014693021774292 126
1732020726773 2.014693021774292 127
1732020726799 2.014693021774292 128
1732020726825 2.014693021774292 129
1732020726850 2.014693021774292 130
1732020726876 2.014693021774292 131
1732020726902 2.014693021774292 132
1732020726927 2.014693021774292 133
1732020726952 2.014693021774292 134
1732020726978 2.014693021774292 135
1732020727002 2.014693021774292 136
1732020727028 2.014693021774292 137
1732020727054 2.014693021774292 138
1732020727080 2.014693021774292 139
