1732020723451 1.9837456941604614 0
1732020723492 1.9721179008483887 1
1732020723517 1.955251932144165 2
1732020723543 1.9652544260025024 3
1732020723570 1.936548113822937 4
1732020723595 1.9644883871078491 5
1732020723622 1.9255540370941162 6
1732020723647 1.9071662425994873 7
1732020723671 1.9091752767562866 8
1732020723698 1.9558045864105225 9
1732020723723 1.9624807834625244 10
1732020723748 1.9369357824325562 11
1732020723774 1.936985969543457 12
1732020723801 1.9536778926849365 13
1732020723829 1.9360486268997192 14
1732020723855 1.951581597328186 15
1732020723881 1.9541643857955933 16
1732020723907 1.9438042640686035 17
1732020723933 1.9330958127975464 18
1732020723961 1.9231597185134888 19
1732020723988 1.9340333938598633 20
1732020724013 1.9595115184783936 21
1732020724039 1.9753239154815674 22
1732020724066 1.9690170288085938 23
1732020724093 1.9750925302505493 24
1732020724119 1.9552940130233765 25
1732020724147 1.9567750692367554 26
1732020724175 1.9597303867340088 27
1732020724202 1.9625672101974487 28
1732020724228 1.9615709781646729 29
1732020724255 1.9845240116119385 30
1732020724283 1.9936460256576538 31
1732020724310 1.987355351448059 32
1732020724337 1.9635045528411865 33
1732020724364 1.9696934223175049 34
1732020724392 1.9633784294128418 35
1732020724419 1.9395643472671509 36
1732020724445 1.920248031616211 37
1732020724471 1.9240530729293823 38
1732020724497 1.9274630546569824 39
1732020724523 1.9317065477371216 40
1732020724549 1.939636468887329 41
1732020724576 1.9359502792358398 42
1732020724603 1.9285638332366943 43
1732020724628 1.9629385471343994 44
1732020724654 1.9628033638000488 45
1732020724679 1.958816647529602 46
1732020724704 1.9507746696472168 47
1732020724730 1.9649823904037476 48
1732020724754 1.9680209159851074 49
1732020724780 1.9811204671859741 50
1732020724805 1.9879180192947388 51
1732020724833 1.9689022302627563 52
1732020724859 1.9695535898208618 53
1732020724885 2.0007410049438477 54
1732020724910 1.9692111015319824 55
1732020724935 1.9706470966339111 56
1732020724963 1.998929738998413 57
1732020724989 1.9990900754928589 58
1732020725016 1.9947429895401 59
1732020725044 2.0072743892669678 60
1732020725070 2.0113933086395264 61
1732020725099 2.012986183166504 62
1732020725123 2.0136866569519043 63
1732020725150 2.014029026031494 64
1732020725176 2.0142159461975098 65
1732020725202 2.0143308639526367 66
1732020725228 2.014408826828003 67
1732020725254 2.014465808868408 68
1732020725281 2.014509677886963 69
1732020725307 2.0145444869995117 70
1732020725334 2.0145723819732666 71
1732020725360 2.014594793319702 72
1732020725386 2.014613389968872 73
1732020725412 2.0146284103393555 74
1732020725438 2.0146403312683105 75
1732020725463 2.0146501064300537 76
1732020725488 2.014658212661743 77
1732020725514 2.0146644115448 78
1732020725539 2.01466965675354 79
1732020725565 2.014673948287964 80
1732020725592 2.0146772861480713 81
1732020725618 2.0146799087524414 82
1732020725643 2.0146820545196533 83
1732020725669 2.014683723449707 84
1732020725695 2.0146851539611816 85
1732020725721 2.014686346054077 86
1732020725747 2.0146870613098145 87
1732020725774 2.0146877765655518 88
1732020725798 2.01468825340271 89
1732020725826 2.014688730239868 90
1732020725851 2.0146892070770264 91
1732020725877 2.0146894454956055 92
1732020725904 2.0146896839141846 93
1732020725930 2.0146899223327637 94
1732020725955 2.0146901607513428 95
1732020725981 2.0146901607513428 96
1732020726007 2.0146901607513428 97
1732020726033 2.014690399169922 98
1732020726058 2.014690399169922 99
1732020726086 2.014690399169922 100
1732020726112 2.014690637588501 101
1732020726137 2.014690399169922 102
1732020726162 2.014690637588501 103
1732020726188 2.014690399169922 104
1732020726214 2.014690637588501 105
1732020726239 2.014690637588501 106
1732020726264 2.014690637588501 107
1732020726289 2.01469087600708 108
1732020726315 2.014690637588501 109
1732020726343 2.014690637588501 110
1732020726369 2.014690637588501 111
1732020726395 2.01469087600708 112
1732020726421 2.014690637588501 113
1732020726446 2.01469087600708 114
1732020726472 2.014690637588501 115
1732020726497 2.014690399169922 116
1732020726523 2.01469087600708 117
1732020726548 2.01469087600708 118
1732020726575 2.014690637588501 119
1732020726600 2.014690637588501 120
1732020726626 2.014690399169922 121
1732020726651 2.014690637588501 122
1732020726676 2.014690637588501 123
1732020726702 2.014690637588501 124
1732020726726 2.014690637588501 125
1732020726751 2.014690637588501 126
1732020726776 2.014690637588501 127
1732020726802 2.014690637588501 128
1732020726829 2.014690399169922 129
1732020726855 2.014690637588501 130
1732020726880 2.014690637588501 131
1732020726905 2.014690399169922 132
1732020726931 2.014690637588501 133
1732020726956 2.014690637588501 134
1732020726982 2.01469087600708 135
1732020727007 2.014690637588501 136
1732020727032 2.014690637588501 137
1732020727058 2.01469087600708 138
1732020727084 2.01469087600708 139
