1732020723453 0.0 0
1732020723494 0.0 1
1732020723519 0.0 2
1732020723545 0.0 3
1732020723572 0.0 4
1732020723598 0.0 5
1732020723624 0.0 6
1732020723649 0.0 7
1732020723673 0.0 8
1732020723700 0.0 9
1732020723725 0.0 10
1732020723750 0.0 11
1732020723776 0.0 12
1732020723803 0.0 13
1732020723831 0.0 14
1732020723857 0.0 15
1732020723883 0.0 16
1732020723909 0.0 17
1732020723935 0.0 18
1732020723963 0.0 19
1732020723991 0.0 20
1732020724016 0.0 21
1732020724041 0.0 22
1732020724068 0.0 23
1732020724095 0.0 24
1732020724121 0.0 25
1732020724149 0.0 26
1732020724177 0.0 27
1732020724204 0.0 28
1732020724230 0.0 29
1732020724257 0.0 30
1732020724285 0.0 31
1732020724312 0.0 32
1732020724339 0.0 33
1732020724367 0.0 34
1732020724394 0.0 35
1732020724422 0.0 36
1732020724448 0.0 37
1732020724473 0.0 38
1732020724499 0.0 39
1732020724524 0.0 40
1732020724551 0.0 41
1732020724579 0.0 42
1732020724605 0.0 43
1732020724630 0.0 44
1732020724655 0.0 45
1732020724681 0.0 46
1732020724706 0.0 47
1732020724732 0.0 48
1732020724757 0.0 49
1732020724782 0.0 50
1732020724807 0.0 51
1732020724835 0.0 52
1732020724861 0.0 53
1732020724887 0.0 54
1732020724913 0.0 55
1732020724937 0.0 56
1732020724965 0.0 57
1732020724991 0.0 58
1732020725019 0.0 59
1732020725046 0.0 60
1732020725073 0.0 61
1732020725101 0.0 62
1732020725127 0.0 63
1732020725152 0.0 64
1732020725178 0.0 65
1732020725204 0.0 66
1732020725230 0.0 67
1732020725256 0.0 68
1732020725284 0.0 69
1732020725309 0.0 70
1732020725336 0.0 71
1732020725362 0.0 72
1732020725388 0.0 73
1732020725414 0.0 74
1732020725440 0.0 75
1732020725466 0.0 76
1732020725490 0.0 77
1732020725515 0.0 78
1732020725541 0.0 79
1732020725567 0.0 80
1732020725595 0.0 81
1732020725620 0.0 82
1732020725645 0.0 83
1732020725670 0.0 84
1732020725697 0.0 85
1732020725723 0.0 86
1732020725749 0.0 87
1732020725776 0.0 88
1732020725801 0.0 89
1732020725828 0.0 90
1732020725853 0.0 91
1732020725879 0.0 92
1732020725905 0.0 93
1732020725932 0.0 94
1732020725958 0.0 95
1732020725983 0.0 96
1732020726009 0.0 97
1732020726035 0.0 98
1732020726060 0.0 99
1732020726088 0.0 100
1732020726114 0.0 101
1732020726139 0.0 102
1732020726164 0.0 103
1732020726190 0.0 104
1732020726215 0.0 105
1732020726241 0.0 106
1732020726266 0.0 107
1732020726291 0.0 108
1732020726317 0.0 109
1732020726345 0.0 110
1732020726371 0.0 111
1732020726397 0.0 112
1732020726423 0.0 113
1732020726448 0.0 114
1732020726474 0.0 115
1732020726499 0.0 116
1732020726524 0.0 117
1732020726550 0.0 118
1732020726578 0.0 119
1732020726602 0.0 120
1732020726628 0.0 121
1732020726653 0.0 122
1732020726678 0.0 123
1732020726704 0.0 124
1732020726728 0.0 125
1732020726753 0.0 126
1732020726778 0.0 127
1732020726804 0.0 128
1732020726831 0.0 129
1732020726857 0.0 130
1732020726881 0.0 131
1732020726907 0.0 132
1732020726932 0.0 133
1732020726958 0.0 134
1732020726984 0.0 135
1732020727010 0.0 136
1732020727034 0.0 137
1732020727060 0.0 138
1732020727085 0.0 139
